{
    "animation": [
        {
            "name": "Root",
            "time": [0.0, 0.0167, 0.0333, 0.05, 0.0667, 0.0833, 0.1, 0.1167, 0.1333, 0.15, 0.1667, 0.1833, 0.2, 0.2167, 0.2333, 0.25, 0.2667, 0.2833, 0.3, 0.3167, 0.3333, 0.35, 0.3667, 0.3833, 0.4, 0.4167, 0.4333, 0.45, 0.4667, 0.4833, 0.5, 0.5167, 0.5333, 0.55, 0.5667, 0.5833, 0.6, 0.6167, 0.6333, 0.65, 0.6667, 0.6833, 0.7, 0.7167, 0.7333, 0.75, 0.7667, 0.7833, 0.8, 0.8167, 0.8333, 0.85, 0.8667, 0.8833, 0.9, 0.9167, 0.9333, 0.95, 0.9667, 0.9833, 1.0, 1.0167, 1.0333, 1.05, 1.0667, 1.0833, 1.1, 1.1167, 1.1333, 1.15, 1.1667, 1.1833, 1.2, 1.2167, 1.2333, 1.25, 1.2667, 1.2833, 1.3, 1.3167, 1.3333],
            "transform": [
                [0.055895, 0.0, -0.998437, -0.272004, -0.998437, 0.0, -0.055895, 0.067247, 0.0, 1.0, 0.0, 0.532213, 0.0, 0.0, 0.0, 1.0],
                [0.055895, 0.0, -0.998437, -0.272004, -0.998437, 0.0, -0.055895, 0.067247, 0.0, 1.0, 0.0, 0.533403, 0.0, 0.0, 0.0, 1.0],
                [0.055895, 0.0, -0.998437, -0.272004, -0.998437, 0.0, -0.055895, 0.067247, 0.0, 1.0, 0.0, 0.536809, 0.0, 0.0, 0.0, 1.0],
                [0.055895, 0.0, -0.998437, -0.272004, -0.998437, 0.0, -0.055895, 0.067247, 0.0, 1.0, 0.0, 0.542184, 0.0, 0.0, 0.0, 1.0],
                [0.055895, 0.0, -0.998437, -0.272004, -0.998437, 0.0, -0.055895, 0.067247, 0.0, 1.0, 0.0, 0.549282, 0.0, 0.0, 0.0, 1.0],
                [0.055895, 0.0, -0.998437, -0.272004, -0.998437, 0.0, -0.055895, 0.067247, 0.0, 1.0, 0.0, 0.557857, 0.0, 0.0, 0.0, 1.0],
                [0.055895, 0.0, -0.998437, -0.272004, -0.998437, 0.0, -0.055895, 0.067247, 0.0, 1.0, 0.0, 0.567663, 0.0, 0.0, 0.0, 1.0],
                [0.055895, 0.0, -0.998437, -0.272004, -0.998437, 0.0, -0.055895, 0.067247, 0.0, 1.0, 0.0, 0.578454, 0.0, 0.0, 0.0, 1.0],
                [0.055895, 0.0, -0.998437, -0.272004, -0.998437, 0.0, -0.055895, 0.067247, 0.0, 1.0, 0.0, 0.589983, 0.0, 0.0, 0.0, 1.0],
                [0.055895, 0.0, -0.998437, -0.272004, -0.998437, 0.0, -0.055895, 0.067247, 0.0, 1.0, 0.0, 0.602004, 0.0, 0.0, 0.0, 1.0],
                [0.055895, 0.0, -0.998437, -0.272004, -0.998437, 0.0, -0.055895, 0.067247, 0.0, 1.0, 0.0, 0.614272, 0.0, 0.0, 0.0, 1.0],
                [0.055895, 0.0, -0.998437, -0.272004, -0.998437, 0.0, -0.055895, 0.067247, 0.0, 1.0, 0.0, 0.62654, 0.0, 0.0, 0.0, 1.0],
                [0.055895, 0.0, -0.998437, -0.272004, -0.998437, 0.0, -0.055895, 0.067247, 0.0, 1.0, 0.0, 0.638562, 0.0, 0.0, 0.0, 1.0],
                [0.055895, 0.0, -0.998437, -0.272004, -0.998437, 0.0, -0.055895, 0.067247, 0.0, 1.0, 0.0, 0.650091, 0.0, 0.0, 0.0, 1.0],
                [0.055895, 0.0, -0.998437, -0.272004, -0.998437, 0.0, -0.055895, 0.067247, 0.0, 1.0, 0.0, 0.660882, 0.0, 0.0, 0.0, 1.0],
                [0.055895, 0.0, -0.998437, -0.272004, -0.998437, 0.0, -0.055895, 0.067247, 0.0, 1.0, 0.0, 0.670688, 0.0, 0.0, 0.0, 1.0],
                [0.055895, 0.0, -0.998437, -0.272004, -0.998437, 0.0, -0.055895, 0.067247, 0.0, 1.0, 0.0, 0.679263, 0.0, 0.0, 0.0, 1.0],
                [0.055895, 0.0, -0.998437, -0.272004, -0.998437, 0.0, -0.055895, 0.067247, 0.0, 1.0, 0.0, 0.686361, 0.0, 0.0, 0.0, 1.0],
                [0.055895, 0.0, -0.998437, -0.272004, -0.998437, 0.0, -0.055895, 0.067247, 0.0, 1.0, 0.0, 0.691736, 0.0, 0.0, 0.0, 1.0],
                [0.055895, 0.0, -0.998437, -0.272004, -0.998437, 0.0, -0.055895, 0.067247, 0.0, 1.0, 0.0, 0.695141, 0.0, 0.0, 0.0, 1.0],
                [0.055895, 0.0, -0.998437, -0.272004, -0.998437, 0.0, -0.055895, 0.067247, 0.0, 1.0, 0.0, 0.696331, 0.0, 0.0, 0.0, 1.0],
                [0.055895, 0.0, -0.998437, -0.272004, -0.998437, 0.0, -0.055895, 0.067247, 0.0, 1.0, 0.0, 0.696331, 0.0, 0.0, 0.0, 1.0],
                [0.055895, 0.0, -0.998437, -0.272004, -0.998437, 0.0, -0.055895, 0.067247, 0.0, 1.0, 0.0, 0.696331, 0.0, 0.0, 0.0, 1.0],
                [0.055895, 0.0, -0.998437, -0.272004, -0.998437, 0.0, -0.055895, 0.067247, 0.0, 1.0, 0.0, 0.696331, 0.0, 0.0, 0.0, 1.0],
                [0.055895, 0.0, -0.998437, -0.272004, -0.998437, 0.0, -0.055895, 0.067247, 0.0, 1.0, 0.0, 0.696331, 0.0, 0.0, 0.0, 1.0],
                [0.055895, 0.0, -0.998437, -0.272004, -0.998437, 0.0, -0.055895, 0.067247, 0.0, 1.0, 0.0, 0.696331, 0.0, 0.0, 0.0, 1.0],
                [0.055895, 0.0, -0.998437, -0.272004, -0.998437, 0.0, -0.055895, 0.067247, 0.0, 1.0, 0.0, 0.696331, 0.0, 0.0, 0.0, 1.0],
                [0.055895, 0.0, -0.998437, -0.272004, -0.998437, 0.0, -0.055895, 0.067247, 0.0, 1.0, 0.0, 0.696331, 0.0, 0.0, 0.0, 1.0],
                [0.055895, 0.0, -0.998437, -0.272004, -0.998437, 0.0, -0.055895, 0.067247, 0.0, 1.0, 0.0, 0.696331, 0.0, 0.0, 0.0, 1.0],
                [0.055895, 0.0, -0.998437, -0.272004, -0.998437, 0.0, -0.055895, 0.067247, 0.0, 1.0, 0.0, 0.696331, 0.0, 0.0, 0.0, 1.0],
                [0.055895, 0.0, -0.998437, -0.272004, -0.998437, 0.0, -0.055895, 0.067247, 0.0, 1.0, 0.0, 0.696331, 0.0, 0.0, 0.0, 1.0],
                [0.055895, 0.0, -0.998437, -0.272004, -0.998437, 0.0, -0.055895, 0.067247, 0.0, 1.0, 0.0, 0.696331, 0.0, 0.0, 0.0, 1.0],
                [0.055895, 0.0, -0.998437, -0.272004, -0.998437, 0.0, -0.055895, 0.067247, 0.0, 1.0, 0.0, 0.696331, 0.0, 0.0, 0.0, 1.0],
                [0.055895, 0.0, -0.998437, -0.272004, -0.998437, 0.0, -0.055895, 0.067247, 0.0, 1.0, 0.0, 0.696331, 0.0, 0.0, 0.0, 1.0],
                [0.055895, 0.0, -0.998437, -0.272004, -0.998437, 0.0, -0.055895, 0.067247, 0.0, 1.0, 0.0, 0.696331, 0.0, 0.0, 0.0, 1.0],
                [0.055895, 0.0, -0.998437, -0.272004, -0.998437, 0.0, -0.055895, 0.067247, 0.0, 1.0, 0.0, 0.696331, 0.0, 0.0, 0.0, 1.0],
                [0.055895, 0.0, -0.998437, -0.272004, -0.998437, 0.0, -0.055895, 0.067247, 0.0, 1.0, 0.0, 0.696331, 0.0, 0.0, 0.0, 1.0],
                [0.055895, 0.0, -0.998437, -0.272004, -0.998437, 0.0, -0.055895, 0.067247, 0.0, 1.0, 0.0, 0.696331, 0.0, 0.0, 0.0, 1.0],
                [0.055895, 0.0, -0.998437, -0.272004, -0.998437, 0.0, -0.055895, 0.067247, 0.0, 1.0, 0.0, 0.696331, 0.0, 0.0, 0.0, 1.0],
                [0.055895, 0.0, -0.998437, -0.272004, -0.998437, 0.0, -0.055895, 0.067247, 0.0, 1.0, 0.0, 0.696331, 0.0, 0.0, 0.0, 1.0],
                [0.055895, 0.0, -0.998437, -0.272004, -0.998437, 0.0, -0.055895, 0.067247, 0.0, 1.0, 0.0, 0.696331, 0.0, 0.0, 0.0, 1.0],
                [0.084143, 0.0, -0.996454, -0.269782, -0.996454, 0.0, -0.084143, 0.076155, 0.0, 1.0, 0.0, 0.696331, 0.0, 0.0, 0.0, 1.0],
                [0.165969, 0.0, -0.986131, -0.26356, -0.986131, 0.0, -0.165969, 0.101099, 0.0, 1.0, 0.0, 0.696331, 0.0, 0.0, 0.0, 1.0],
                [0.298241, 0.0, -0.95449, -0.254005, -0.95449, 0.0, -0.298241, 0.139406, 0.0, 1.0, 0.0, 0.696331, 0.0, 0.0, 0.0, 1.0],
                [0.473925, 0.0, -0.880565, -0.241783, -0.880565, 0.0, -0.473925, 0.188403, 0.0, 1.0, 0.0, 0.696331, 0.0, 0.0, 0.0, 1.0],
                [0.673164, 0.0, -0.739493, -0.227561, -0.739493, 0.0, -0.673164, 0.245417, 0.0, 1.0, 0.0, 0.696331, 0.0, 0.0, 0.0, 1.0],
                [0.856839, 0.0, -0.515583, -0.212006, -0.515583, 0.0, -0.856839, 0.307777, 0.0, 1.0, 0.0, 0.696331, 0.0, 0.0, 0.0, 1.0],
                [0.975063, 0.0, -0.22193, -0.195785, -0.22193, 0.0, -0.975063, 0.372809, 0.0, 1.0, 0.0, 0.696331, 0.0, 0.0, 0.0, 1.0],
                [0.995576, 0.0, 0.093964, -0.179563, 0.093964, 0.0, -0.995576, 0.437841, 0.0, 1.0, 0.0, 0.696331, 0.0, 0.0, 0.0, 1.0],
                [0.9269, 0.0, 0.37531, -0.164009, 0.37531, 0.0, -0.9269, 0.5002, 0.0, 1.0, 0.0, 0.696331, 0.0, 0.0, 0.0, 1.0],
                [0.808341, 0.0, 0.588715, -0.149787, 0.588715, 0.0, -0.808341, 0.557215, 0.0, 1.0, 0.0, 0.696331, 0.0, 0.0, 0.0, 1.0],
                [0.681957, 0.0, 0.731392, -0.137565, 0.731392, 0.0, -0.681957, 0.606212, 0.0, 1.0, 0.0, 0.696331, 0.0, 0.0, 0.0, 1.0],
                [0.576408, 0.0, 0.817162, -0.12801, 0.817162, 0.0, -0.576408, 0.644518, 0.0, 1.0, 0.0, 0.696331, 0.0, 0.0, 0.0, 1.0],
                [0.50711, 0.0, 0.861881, -0.121788, 0.861881, 0.0, -0.50711, 0.669462, 0.0, 1.0, 0.0, 0.696331, 0.0, 0.0, 0.0, 1.0],
                [0.482503, 0.0, 0.875894, -0.119566, 0.875894, 0.0, -0.482503, 0.678371, 0.0, 1.0, 0.0, 0.696331, 0.0, 0.0, 0.0, 1.0],
                [0.482503, 0.0, 0.875894, -0.119566, 0.875894, 0.0, -0.482503, 0.678371, 0.0, 1.0, 0.0, 0.696331, 0.0, 0.0, 0.0, 1.0],
                [0.482503, 0.0, 0.875894, -0.119566, 0.875894, 0.0, -0.482503, 0.678371, 0.0, 1.0, 0.0, 0.696331, 0.0, 0.0, 0.0, 1.0],
                [0.482503, 0.0, 0.875894, -0.119566, 0.875894, 0.0, -0.482503, 0.678371, 0.0, 1.0, 0.0, 0.696331, 0.0, 0.0, 0.0, 1.0],
                [0.482503, 0.0, 0.875894, -0.119566, 0.875894, 0.0, -0.482503, 0.678371, 0.0, 1.0, 0.0, 0.696331, 0.0, 0.0, 0.0, 1.0],
                [0.482503, 0.0, 0.875894, -0.119566, 0.875894, 0.0, -0.482503, 0.678371, 0.0, 1.0, 0.0, 0.696331, 0.0, 0.0, 0.0, 1.0],
                [0.482503, 0.0, 0.875894, -0.119566, 0.875894, 0.0, -0.482503, 0.678371, 0.0, 1.0, 0.0, 0.696331, 0.0, 0.0, 0.0, 1.0],
                [0.482503, 0.0, 0.875894, -0.119566, 0.875894, 0.0, -0.482503, 0.678371, 0.0, 1.0, 0.0, 0.696331, 0.0, 0.0, 0.0, 1.0],
                [0.482503, 0.0, 0.875894, -0.119566, 0.875894, 0.0, -0.482503, 0.678371, 0.0, 1.0, 0.0, 0.696331, 0.0, 0.0, 0.0, 1.0],
                [0.482503, 0.0, 0.875894, -0.119566, 0.875894, 0.0, -0.482503, 0.678371, 0.0, 1.0, 0.0, 0.696331, 0.0, 0.0, 0.0, 1.0],
                [0.482503, 0.0, 0.875894, -0.119566, 0.875894, 0.0, -0.482503, 0.678371, 0.0, 1.0, 0.0, 0.696331, 0.0, 0.0, 0.0, 1.0],
                [0.482503, 0.0, 0.875894, -0.119566, 0.875894, 0.0, -0.482503, 0.678371, 0.0, 1.0, 0.0, 0.696331, 0.0, 0.0, 0.0, 1.0],
                [0.482503, 0.0, 0.875894, -0.119566, 0.875894, 0.0, -0.482503, 0.678371, 0.0, 1.0, 0.0, 0.696331, 0.0, 0.0, 0.0, 1.0],
                [0.482503, 0.0, 0.875894, -0.119566, 0.875894, 0.0, -0.482503, 0.678371, 0.0, 1.0, 0.0, 0.696331, 0.0, 0.0, 0.0, 1.0],
                [0.482503, 0.0, 0.875894, -0.119566, 0.875894, 0.0, -0.482503, 0.678371, 0.0, 1.0, 0.0, 0.696331, 0.0, 0.0, 0.0, 1.0],
                [0.482503, 0.0, 0.875894, -0.119566, 0.875894, 0.0, -0.482503, 0.678371, 0.0, 1.0, 0.0, 0.696331, 0.0, 0.0, 0.0, 1.0],
                [0.482503, 0.0, 0.875894, -0.119566, 0.875894, 0.0, -0.482503, 0.678371, 0.0, 1.0, 0.0, 0.696331, 0.0, 0.0, 0.0, 1.0],
                [0.482503, 0.0, 0.875894, -0.119566, 0.875894, 0.0, -0.482503, 0.678371, 0.0, 1.0, 0.0, 0.696331, 0.0, 0.0, 0.0, 1.0],
                [0.482503, 0.0, 0.875894, -0.119566, 0.875894, 0.0, -0.482503, 0.678371, 0.0, 1.0, 0.0, 0.696331, 0.0, 0.0, 0.0, 1.0],
                [0.482503, 0.0, 0.875894, -0.119566, 0.875894, 0.0, -0.482503, 0.678371, 0.0, 1.0, 0.0, 0.696331, 0.0, 0.0, 0.0, 1.0],
                [0.482503, 0.0, 0.875894, -0.119566, 0.875894, 0.0, -0.482503, 0.678371, 0.0, 1.0, 0.0, 0.696331, 0.0, 0.0, 0.0, 1.0],
                [0.482503, 0.0, 0.875894, -0.119566, 0.875894, 0.0, -0.482503, 0.678371, 0.0, 1.0, 0.0, 0.696331, 0.0, 0.0, 0.0, 1.0],
                [0.482503, 0.0, 0.875894, -0.119566, 0.875894, 0.0, -0.482503, 0.678371, 0.0, 1.0, 0.0, 0.696331, 0.0, 0.0, 0.0, 1.0],
                [0.482503, 0.0, 0.875894, -0.119566, 0.875894, 0.0, -0.482503, 0.678371, 0.0, 1.0, 0.0, 0.696331, 0.0, 0.0, 0.0, 1.0],
                [0.482503, 0.0, 0.875894, -0.119566, 0.875894, 0.0, -0.482503, 0.678371, 0.0, 1.0, 0.0, 0.696331, 0.0, 0.0, 0.0, 1.0],
                [0.482503, 0.0, 0.875894, -0.119566, 0.875894, 0.0, -0.482503, 0.678371, 0.0, 1.0, 0.0, 0.696331, 0.0, 0.0, 0.0, 1.0],
                [0.482503, 0.0, 0.875894, -0.119566, 0.875894, 0.0, -0.482503, 0.678371, 0.0, 1.0, 0.0, 0.696331, 0.0, 0.0, 0.0, 1.0]
            ]
        },
        {
            "name": "Thigh_R",
            "time": [0.0, 0.0167, 0.0333, 0.05, 0.0667, 0.0833, 0.1, 0.1167, 0.1333, 0.15, 0.1667, 0.1833, 0.2, 0.2167, 0.2333, 0.25, 0.2667, 0.2833, 0.3, 0.3167, 0.3333, 0.35, 0.3667, 0.3833, 0.4, 0.4167, 0.4333, 0.45, 0.4667, 0.4833, 0.5, 0.5167, 0.5333, 0.55, 0.5667, 0.5833, 0.6, 0.6167, 0.6333, 0.65, 0.6667, 0.6833, 0.7, 0.7167, 0.7333, 0.75, 0.7667, 0.7833, 0.8, 0.8167, 0.8333, 0.85, 0.8667, 0.8833, 0.9, 0.9167, 0.9333, 0.95, 0.9667, 0.9833, 1.0, 1.0167, 1.0333, 1.05, 1.0667, 1.0833, 1.1, 1.1167, 1.1333, 1.15, 1.1667, 1.1833, 1.2, 1.2167, 1.2333, 1.25, 1.2667, 1.2833, 1.3, 1.3167, 1.3333],
            "transform": [
                [0.861344, 0.498018, 0.10033, 0.124994, 0.118792, -0.389457, 0.913354, -0.002831, 0.493939, -0.774792, -0.39462, -1.2e-05, 0.0, 0.0, 0.0, 1.0],
                [0.861424, 0.497625, 0.101579, 0.124994, 0.119331, -0.392711, 0.911889, -0.002831, 0.493668, -0.773401, -0.397675, -1.2e-05, 0.0, 0.0, 0.0, 1.0],
                [0.861657, 0.496476, 0.105166, 0.124994, 0.120862, -0.402016, 0.907623, -0.002831, 0.492889, -0.769348, -0.406407, -1.2e-05, 0.0, 0.0, 0.0, 1.0],
                [0.862033, 0.494569, 0.110914, 0.124994, 0.123235, -0.416773, 0.90062, -0.002831, 0.491643, -0.762695, -0.420223, -1.2e-05, 0.0, 0.0, 0.0, 1.0],
                [0.862544, 0.491907, 0.118515, 0.124994, 0.126293, -0.436113, 0.890988, -0.002831, 0.489967, -0.753548, -0.438293, -1.2e-05, 0.0, 0.0, 0.0, 1.0],
                [0.863184, 0.488443, 0.127816, 0.124994, 0.129871, -0.459437, 0.878667, -0.002831, 0.4879, -0.741851, -0.460016, -1.2e-05, 0.0, 0.0, 0.0, 1.0],
                [0.863945, 0.484137, 0.138603, 0.124994, 0.133812, -0.486035, 0.863637, -0.002831, 0.485483, -0.727587, -0.484693, -1.2e-05, 0.0, 0.0, 0.0, 1.0],
                [0.864815, 0.478952, 0.150666, 0.124994, 0.137967, -0.51521, 0.845889, -0.002831, 0.482763, -0.71075, -0.511643, -1.2e-05, 0.0, 0.0, 0.0, 1.0],
                [0.865781, 0.472862, 0.163786, 0.124994, 0.142201, -0.546272, 0.82545, -0.002831, 0.479793, -0.691368, -0.540197, -1.2e-05, 0.0, 0.0, 0.0, 1.0],
                [0.866825, 0.465842, 0.177779, 0.124994, 0.146399, -0.578615, 0.802356, -0.002831, 0.476635, -0.669475, -0.56976, -1.2e-05, 0.0, 0.0, 0.0, 1.0],
                [0.867927, 0.457935, 0.192349, 0.124994, 0.150461, -0.611466, 0.776836, -0.002831, 0.473354, -0.645295, -0.599613, -1.2e-05, 0.0, 0.0, 0.0, 1.0],
                [0.869063, 0.449158, 0.207335, 0.124994, 0.154307, -0.644319, 0.749029, -0.002831, 0.470021, -0.618959, -0.629265, -1.2e-05, 0.0, 0.0, 0.0, 1.0],
                [0.870205, 0.439642, 0.222395, 0.124994, 0.157872, -0.676401, 0.719416, -0.002831, 0.466712, -0.590929, -0.658018, -1.2e-05, 0.0, 0.0, 0.0, 1.0],
                [0.871326, 0.429488, 0.237344, 0.124994, 0.16111, -0.707253, 0.68836, -0.002831, 0.463503, -0.561547, -0.685445, -1.2e-05, 0.0, 0.0, 0.0, 1.0],
                [0.872395, 0.41889, 0.25191, 0.124994, 0.163984, -0.736306, 0.65648, -0.002831, 0.460473, -0.5314, -0.711044, -1.2e-05, 0.0, 0.0, 0.0, 1.0],
                [0.873383, 0.408141, 0.265751, 0.124994, 0.166468, -0.762952, 0.624656, -0.002831, 0.457701, -0.501324, -0.734295, -1.2e-05, 0.0, 0.0, 0.0, 1.0],
                [0.874258, 0.397676, 0.278437, 0.124994, 0.168543, -0.786513, 0.594132, -0.002831, 0.455264, -0.472496, -0.754644, -1.2e-05, 0.0, 0.0, 0.0, 1.0],
                [0.87499, 0.388023, 0.289535, 0.124994, 0.170193, -0.806392, 0.566364, -0.002831, 0.453239, -0.446285, -0.771627, -1.2e-05, 0.0, 0.0, 0.0, 1.0],
                [0.875549, 0.379942, 0.298427, 0.124994, 0.171403, -0.821794, 0.543394, -0.002831, 0.451702, -0.424617, -0.784647, -1.2e-05, 0.0, 0.0, 0.0, 1.0],
                [0.875905, 0.374448, 0.30427, 0.124994, 0.172151, -0.831667, 0.527915, -0.002831, 0.450726, -0.410022, -0.792927, -1.2e-05, 0.0, 0.0, 0.0, 1.0],
                [0.87603, 0.372431, 0.306379, 0.124994, 0.17241, -0.835175, 0.522263, -0.002831, 0.450385, -0.404695, -0.795853, -1.2e-05, 0.0, 0.0, 0.0, 1.0],
                [0.87603, 0.372431, 0.306379, 0.124994, 0.17241, -0.835175, 0.522263, -0.002831, 0.450385, -0.404695, -0.795853, -1.2e-05, 0.0, 0.0, 0.0, 1.0],
                [0.87603, 0.372431, 0.306379, 0.124994, 0.17241, -0.835175, 0.522263, -0.002831, 0.450385, -0.404695, -0.795853, -1.2e-05, 0.0, 0.0, 0.0, 1.0],
                [0.87603, 0.372431, 0.306379, 0.124994, 0.17241, -0.835175, 0.522263, -0.002831, 0.450385, -0.404695, -0.795853, -1.2e-05, 0.0, 0.0, 0.0, 1.0],
                [0.87603, 0.372431, 0.306379, 0.124994, 0.17241, -0.835175, 0.522263, -0.002831, 0.450385, -0.404695, -0.795853, -1.2e-05, 0.0, 0.0, 0.0, 1.0],
                [0.87603, 0.372431, 0.306379, 0.124994, 0.17241, -0.835175, 0.522263, -0.002831, 0.450385, -0.404695, -0.795853, -1.2e-05, 0.0, 0.0, 0.0, 1.0],
                [0.87603, 0.372431, 0.306379, 0.124994, 0.17241, -0.835175, 0.522263, -0.002831, 0.450385, -0.404695, -0.795853, -1.2e-05, 0.0, 0.0, 0.0, 1.0],
                [0.87603, 0.372431, 0.306379, 0.124994, 0.17241, -0.835175, 0.522263, -0.002831, 0.450385, -0.404695, -0.795853, -1.2e-05, 0.0, 0.0, 0.0, 1.0],
                [0.87603, 0.372431, 0.306379, 0.124994, 0.17241, -0.835175, 0.522263, -0.002831, 0.450385, -0.404695, -0.795853, -1.2e-05, 0.0, 0.0, 0.0, 1.0],
                [0.87603, 0.372431, 0.306379, 0.124994, 0.17241, -0.835175, 0.522263, -0.002831, 0.450385, -0.404695, -0.795853, -1.2e-05, 0.0, 0.0, 0.0, 1.0],
                [0.87603, 0.372431, 0.306379, 0.124994, 0.17241, -0.835175, 0.522263, -0.002831, 0.450385, -0.404695, -0.795853, -1.2e-05, 0.0, 0.0, 0.0, 1.0],
                [0.87603, 0.372431, 0.306379, 0.124994, 0.17241, -0.835175, 0.522263, -0.002831, 0.450385, -0.404695, -0.795853, -1.2e-05, 0.0, 0.0, 0.0, 1.0],
                [0.87603, 0.372431, 0.306379, 0.124994, 0.17241, -0.835175, 0.522263, -0.002831, 0.450385, -0.404695, -0.795853, -1.2e-05, 0.0, 0.0, 0.0, 1.0],
                [0.87603, 0.372431, 0.306379, 0.124994, 0.17241, -0.835175, 0.522263, -0.002831, 0.450385, -0.404695, -0.795853, -1.2e-05, 0.0, 0.0, 0.0, 1.0],
                [0.87603, 0.372431, 0.306379, 0.124994, 0.17241, -0.835175, 0.522263, -0.002831, 0.450385, -0.404695, -0.795853, -1.2e-05, 0.0, 0.0, 0.0, 1.0],
                [0.87603, 0.372431, 0.306379, 0.124994, 0.17241, -0.835175, 0.522263, -0.002831, 0.450385, -0.404695, -0.795853, -1.2e-05, 0.0, 0.0, 0.0, 1.0],
                [0.87603, 0.372431, 0.306379, 0.124994, 0.17241, -0.835175, 0.522263, -0.002831, 0.450385, -0.404695, -0.795853, -1.2e-05, 0.0, 0.0, 0.0, 1.0],
                [0.87603, 0.372431, 0.306379, 0.124994, 0.17241, -0.835175, 0.522263, -0.002831, 0.450385, -0.404695, -0.795853, -1.2e-05, 0.0, 0.0, 0.0, 1.0],
                [0.87603, 0.372431, 0.306379, 0.124994, 0.17241, -0.835175, 0.522263, -0.002831, 0.450385, -0.404695, -0.795853, -1.2e-05, 0.0, 0.0, 0.0, 1.0],
                [0.87603, 0.372431, 0.306379, 0.124994, 0.17241, -0.835175, 0.522263, -0.002831, 0.450385, -0.404695, -0.795853, -1.2e-05, 0.0, 0.0, 0.0, 1.0],
                [0.87603, 0.372431, 0.306379, 0.124994, 0.17241, -0.835175, 0.522263, -0.002831, 0.450385, -0.404695, -0.795853, -1.2e-05, 0.0, 0.0, 0.0, 1.0],
                [0.87603, 0.372431, 0.306379, 0.124994, 0.17241, -0.835175, 0.522263, -0.002831, 0.450385, -0.404695, -0.795853, -1.2e-05, 0.0, 0.0, 0.0, 1.0],
                [0.87603, 0.372431, 0.306379, 0.124994, 0.17241, -0.835176, 0.522262, -0.002831, 0.450385, -0.404694, -0.795853, -1.2e-05, 0.0, 0.0, 0.0, 1.0],
                [0.87603, 0.372431, 0.306379, 0.124994, 0.17241, -0.835175, 0.522263, -0.002831, 0.450385, -0.404695, -0.795853, -1.2e-05, 0.0, 0.0, 0.0, 1.0],
                [0.87603, 0.372431, 0.306379, 0.124994, 0.17241, -0.835175, 0.522263, -0.002831, 0.450385, -0.404695, -0.795853, -1.2e-05, 0.0, 0.0, 0.0, 1.0],
                [0.87603, 0.372431, 0.306379, 0.124994, 0.17241, -0.835175, 0.522263, -0.002831, 0.450385, -0.404695, -0.795853, -1.2e-05, 0.0, 0.0, 0.0, 1.0],
                [0.87603, 0.372431, 0.306379, 0.124994, 0.17241, -0.835175, 0.522263, -0.002831, 0.450385, -0.404695, -0.795853, -1.2e-05, 0.0, 0.0, 0.0, 1.0],
                [0.87603, 0.372431, 0.306378, 0.124994, 0.17241, -0.835175, 0.522263, -0.002831, 0.450385, -0.404695, -0.795853, -1.2e-05, 0.0, 0.0, 0.0, 1.0],
                [0.87603, 0.372431, 0.306378, 0.124994, 0.17241, -0.835175, 0.522263, -0.002831, 0.450385, -0.404695, -0.795853, -1.2e-05, 0.0, 0.0, 0.0, 1.0],
                [0.87603, 0.372431, 0.306379, 0.124994, 0.17241, -0.835175, 0.522263, -0.002831, 0.450385, -0.404695, -0.795853, -1.2e-05, 0.0, 0.0, 0.0, 1.0],
                [0.876029, 0.372431, 0.306379, 0.124994, 0.17241, -0.835175, 0.522263, -0.002831, 0.450385, -0.404695, -0.795853, -1.2e-05, 0.0, 0.0, 0.0, 1.0],
                [0.87603, 0.372431, 0.306379, 0.124994, 0.17241, -0.835175, 0.522263, -0.002831, 0.450385, -0.404695, -0.795853, -1.2e-05, 0.0, 0.0, 0.0, 1.0],
                [0.87603, 0.372431, 0.306378, 0.124994, 0.17241, -0.835175, 0.522263, -0.002831, 0.450385, -0.404695, -0.795853, -1.2e-05, 0.0, 0.0, 0.0, 1.0],
                [0.87603, 0.372431, 0.306379, 0.124994, 0.17241, -0.835175, 0.522263, -0.002831, 0.450385, -0.404695, -0.795853, -1.2e-05, 0.0, 0.0, 0.0, 1.0],
                [0.87603, 0.372431, 0.306379, 0.124994, 0.17241, -0.835175, 0.522263, -0.002831, 0.450385, -0.404695, -0.795853, -1.2e-05, 0.0, 0.0, 0.0, 1.0],
                [0.87603, 0.372431, 0.306379, 0.124994, 0.17241, -0.835175, 0.522263, -0.002831, 0.450385, -0.404695, -0.795853, -1.2e-05, 0.0, 0.0, 0.0, 1.0],
                [0.87603, 0.372431, 0.306379, 0.124994, 0.17241, -0.835175, 0.522263, -0.002831, 0.450385, -0.404695, -0.795853, -1.2e-05, 0.0, 0.0, 0.0, 1.0],
                [0.87603, 0.372431, 0.306379, 0.124994, 0.17241, -0.835175, 0.522263, -0.002831, 0.450385, -0.404695, -0.795853, -1.2e-05, 0.0, 0.0, 0.0, 1.0],
                [0.87603, 0.372431, 0.306379, 0.124994, 0.17241, -0.835175, 0.522263, -0.002831, 0.450385, -0.404695, -0.795853, -1.2e-05, 0.0, 0.0, 0.0, 1.0],
                [0.87603, 0.372431, 0.306379, 0.124994, 0.17241, -0.835175, 0.522263, -0.002831, 0.450385, -0.404695, -0.795853, -1.2e-05, 0.0, 0.0, 0.0, 1.0],
                [0.87603, 0.372431, 0.306379, 0.124994, 0.17241, -0.835175, 0.522263, -0.002831, 0.450385, -0.404695, -0.795853, -1.2e-05, 0.0, 0.0, 0.0, 1.0],
                [0.87603, 0.372431, 0.306379, 0.124994, 0.17241, -0.835175, 0.522263, -0.002831, 0.450385, -0.404695, -0.795853, -1.2e-05, 0.0, 0.0, 0.0, 1.0],
                [0.87603, 0.372431, 0.306379, 0.124994, 0.17241, -0.835175, 0.522263, -0.002831, 0.450385, -0.404695, -0.795853, -1.2e-05, 0.0, 0.0, 0.0, 1.0],
                [0.87603, 0.372431, 0.306379, 0.124994, 0.17241, -0.835175, 0.522263, -0.002831, 0.450385, -0.404695, -0.795853, -1.2e-05, 0.0, 0.0, 0.0, 1.0],
                [0.87603, 0.372431, 0.306379, 0.124994, 0.17241, -0.835175, 0.522263, -0.002831, 0.450385, -0.404695, -0.795853, -1.2e-05, 0.0, 0.0, 0.0, 1.0],
                [0.87603, 0.372431, 0.306379, 0.124994, 0.17241, -0.835175, 0.522263, -0.002831, 0.450385, -0.404695, -0.795853, -1.2e-05, 0.0, 0.0, 0.0, 1.0],
                [0.87603, 0.372431, 0.306379, 0.124994, 0.17241, -0.835175, 0.522263, -0.002831, 0.450385, -0.404695, -0.795853, -1.2e-05, 0.0, 0.0, 0.0, 1.0],
                [0.87603, 0.372431, 0.306379, 0.124994, 0.17241, -0.835175, 0.522263, -0.002831, 0.450385, -0.404695, -0.795853, -1.2e-05, 0.0, 0.0, 0.0, 1.0],
                [0.87603, 0.372431, 0.306379, 0.124994, 0.17241, -0.835175, 0.522263, -0.002831, 0.450385, -0.404695, -0.795853, -1.2e-05, 0.0, 0.0, 0.0, 1.0],
                [0.87603, 0.372431, 0.306379, 0.124994, 0.17241, -0.835175, 0.522263, -0.002831, 0.450385, -0.404695, -0.795853, -1.2e-05, 0.0, 0.0, 0.0, 1.0],
                [0.87603, 0.372431, 0.306379, 0.124994, 0.17241, -0.835175, 0.522263, -0.002831, 0.450385, -0.404695, -0.795853, -1.2e-05, 0.0, 0.0, 0.0, 1.0],
                [0.87603, 0.372431, 0.306379, 0.124994, 0.17241, -0.835175, 0.522263, -0.002831, 0.450385, -0.404695, -0.795853, -1.2e-05, 0.0, 0.0, 0.0, 1.0],
                [0.87603, 0.372431, 0.306379, 0.124994, 0.17241, -0.835175, 0.522263, -0.002831, 0.450385, -0.404695, -0.795853, -1.2e-05, 0.0, 0.0, 0.0, 1.0],
                [0.87603, 0.372431, 0.306379, 0.124994, 0.17241, -0.835175, 0.522263, -0.002831, 0.450385, -0.404695, -0.795853, -1.2e-05, 0.0, 0.0, 0.0, 1.0],
                [0.87603, 0.372431, 0.306379, 0.124994, 0.17241, -0.835175, 0.522263, -0.002831, 0.450385, -0.404695, -0.795853, -1.2e-05, 0.0, 0.0, 0.0, 1.0],
                [0.87603, 0.372431, 0.306379, 0.124994, 0.17241, -0.835175, 0.522263, -0.002831, 0.450385, -0.404695, -0.795853, -1.2e-05, 0.0, 0.0, 0.0, 1.0],
                [0.87603, 0.372431, 0.306379, 0.124994, 0.17241, -0.835175, 0.522263, -0.002831, 0.450385, -0.404695, -0.795853, -1.2e-05, 0.0, 0.0, 0.0, 1.0],
                [0.87603, 0.372431, 0.306379, 0.124994, 0.17241, -0.835175, 0.522263, -0.002831, 0.450385, -0.404695, -0.795853, -1.2e-05, 0.0, 0.0, 0.0, 1.0],
                [0.87603, 0.372431, 0.306379, 0.124994, 0.17241, -0.835175, 0.522263, -0.002831, 0.450385, -0.404695, -0.795853, -1.2e-05, 0.0, 0.0, 0.0, 1.0],
                [0.87603, 0.372431, 0.306379, 0.124994, 0.17241, -0.835175, 0.522263, -0.002831, 0.450385, -0.404695, -0.795853, -1.2e-05, 0.0, 0.0, 0.0, 1.0],
                [0.87603, 0.372431, 0.306379, 0.124994, 0.17241, -0.835175, 0.522263, -0.002831, 0.450385, -0.404695, -0.795853, -1.2e-05, 0.0, 0.0, 0.0, 1.0]
            ]
        },
        {
            "name": "Leg_R",
            "time": [0.0, 0.0167, 0.0333, 0.05, 0.0667, 0.0833, 0.1, 0.1167, 0.1333, 0.15, 0.1667, 0.1833, 0.2, 0.2167, 0.2333, 0.25, 0.2667, 0.2833, 0.3, 0.3167, 0.3333, 0.35, 0.3667, 0.3833, 0.4, 0.4167, 0.4333, 0.45, 0.4667, 0.4833, 0.5, 0.5167, 0.5333, 0.55, 0.5667, 0.5833, 0.6, 0.6167, 0.6333, 0.65, 0.6667, 0.6833, 0.7, 0.7167, 0.7333, 0.75, 0.7667, 0.7833, 0.8, 0.8167, 0.8333, 0.85, 0.8667, 0.8833, 0.9, 0.9167, 0.9333, 0.95, 0.9667, 0.9833, 1.0, 1.0167, 1.0333, 1.05, 1.0667, 1.0833, 1.1, 1.1167, 1.1333, 1.15, 1.1667, 1.1833, 1.2, 1.2167, 1.2333, 1.25, 1.2667, 1.2833, 1.3, 1.3167, 1.3333],
            "transform": [
                [0.999999, -0.001058, -0.00087, -0.0, 0.001166, 0.324977, 0.945723, 0.375166, -0.000717, -0.945719, 0.324976, -0.0, 0.0, 0.0, 0.0, 1.0],
                [0.999999, -0.001056, -0.000866, 0.0, 0.001165, 0.328113, 0.94464, 0.375166, -0.000714, -0.944636, 0.328113, -0.0, 0.0, 0.0, 0.0, 1.0],
                [0.999999, -0.001053, -0.000856, -0.0, 0.001161, 0.337164, 0.941447, 0.375166, -0.000702, -0.941443, 0.337163, 0.0, 0.0, 0.0, 0.0, 1.0],
                [0.999999, -0.001047, -0.00084, -0.0, 0.001154, 0.351834, 0.936064, 0.375166, -0.000684, -0.93606, 0.351833, -0.0, 0.0, 0.0, 0.0, 1.0],
                [0.999999, -0.001038, -0.000818, -0.0, 0.001145, 0.371415, 0.928469, 0.375166, -0.00066, -0.928464, 0.371414, -0.0, 0.0, 0.0, 0.0, 1.0],
                [0.999999, -0.001027, -0.000791, 0.0, 0.001133, 0.395735, 0.918366, 0.375166, -0.00063, -0.918362, 0.395735, 0.0, 0.0, 0.0, 0.0, 1.0],
                [0.999999, -0.001013, -0.000759, -0.0, 0.001117, 0.424406, 0.905474, 0.375166, -0.000595, -0.905469, 0.424406, 0.0, 0.0, 0.0, 0.0, 1.0],
                [0.999999, -0.000995, -0.000722, -0.0, 0.001097, 0.457015, 0.889461, 0.375166, -0.000555, -0.889456, 0.457015, -0.0, 0.0, 0.0, 0.0, 1.0],
                [0.999999, -0.000973, -0.000682, -0.0, 0.001073, 0.493081, 0.869985, 0.375166, -0.00051, -0.869981, 0.49308, -0.0, 0.0, 0.0, 0.0, 1.0],
                [0.999999, -0.000947, -0.000638, -0.0, 0.001044, 0.532165, 0.846642, 0.375166, -0.000462, -0.846638, 0.532164, 0.0, 0.0, 0.0, 0.0, 1.0],
                [0.999999, -0.000916, -0.000592, 0.0, 0.00101, 0.573365, 0.819301, 0.375166, -0.000411, -0.819297, 0.573364, -0.0, 0.0, 0.0, 0.0, 1.0],
                [0.999999, -0.000881, -0.000544, 0.0, 0.000971, 0.616141, 0.787638, 0.375166, -0.000358, -0.787634, 0.61614, -0.0, 0.0, 0.0, 0.0, 1.0],
                [0.999999, -0.000841, -0.000496, 0.0, 0.000927, 0.659263, 0.751914, 0.375166, -0.000305, -0.751911, 0.659262, -0.0, 0.0, 0.0, 0.0, 1.0],
                [0.999999, -0.000796, -0.000448, -0.0, 0.000878, 0.701971, 0.712208, 0.375166, -0.000252, -0.712204, 0.70197, 0.0, 0.0, 0.0, 0.0, 1.0],
                [0.999999, -0.000748, -0.000402, 0.0, 0.000825, 0.743165, 0.66911, 0.375166, -0.000202, -0.669107, 0.743164, -0.0, 0.0, 0.0, 0.0, 1.0],
                [0.999999, -0.000698, -0.000359, -0.0, 0.000769, 0.781586, 0.623799, 0.375166, -0.000154, -0.623796, 0.781585, -0.0, 0.0, 0.0, 0.0, 1.0],
                [1.0, -0.000647, -0.000321, -0.0, 0.000713, 0.81584, 0.57828, 0.375166, -0.000112, -0.578277, 0.815839, 0.0, 0.0, 0.0, 0.0, 1.0],
                [1.0, -0.000598, -0.000289, -0.0, 0.00066, 0.844785, 0.535108, 0.375166, -7.6e-05, -0.535106, 0.844784, -0.0, 0.0, 0.0, 0.0, 1.0],
                [1.0, -0.000557, -0.000264, -0.0, 0.000614, 0.867096, 0.498142, 0.375166, -4.9e-05, -0.49814, 0.867096, 0.0, 0.0, 0.0, 0.0, 1.0],
                [1.0, -0.000529, -0.000248, -0.0, 0.000583, 0.881242, 0.472667, 0.375166, -3.1e-05, -0.472664, 0.881242, 0.0, 0.0, 0.0, 0.0, 1.0],
                [1.0, -0.000518, -0.000242, 0.0, 0.000571, 0.886238, 0.463231, 0.375166, -2.5e-05, -0.463229, 0.886238, 0.0, 0.0, 0.0, 0.0, 1.0],
                [1.0, -0.000518, -0.000242, 0.0, 0.000571, 0.886238, 0.463231, 0.375166, -2.5e-05, -0.463229, 0.886238, 0.0, 0.0, 0.0, 0.0, 1.0],
                [1.0, -0.000518, -0.000242, 0.0, 0.000571, 0.886238, 0.463231, 0.375166, -2.5e-05, -0.463229, 0.886238, 0.0, 0.0, 0.0, 0.0, 1.0],
                [1.0, -0.000518, -0.000242, 0.0, 0.000571, 0.886238, 0.463231, 0.375166, -2.5e-05, -0.463229, 0.886238, 0.0, 0.0, 0.0, 0.0, 1.0],
                [1.0, -0.000518, -0.000242, 0.0, 0.000571, 0.886238, 0.463231, 0.375166, -2.5e-05, -0.463229, 0.886238, 0.0, 0.0, 0.0, 0.0, 1.0],
                [1.0, -0.000518, -0.000242, 0.0, 0.000571, 0.886238, 0.463231, 0.375166, -2.5e-05, -0.463229, 0.886238, 0.0, 0.0, 0.0, 0.0, 1.0],
                [1.0, -0.000518, -0.000242, 0.0, 0.000571, 0.886238, 0.463231, 0.375166, -2.5e-05, -0.463229, 0.886238, 0.0, 0.0, 0.0, 0.0, 1.0],
                [1.0, -0.000518, -0.000242, 0.0, 0.000571, 0.886238, 0.463231, 0.375166, -2.5e-05, -0.463229, 0.886238, 0.0, 0.0, 0.0, 0.0, 1.0],
                [1.0, -0.000518, -0.000242, 0.0, 0.000571, 0.886238, 0.463231, 0.375166, -2.5e-05, -0.463229, 0.886238, 0.0, 0.0, 0.0, 0.0, 1.0],
                [1.0, -0.000518, -0.000242, 0.0, 0.000571, 0.886238, 0.463231, 0.375166, -2.5e-05, -0.463229, 0.886238, 0.0, 0.0, 0.0, 0.0, 1.0],
                [1.0, -0.000518, -0.000242, 0.0, 0.000571, 0.886238, 0.463231, 0.375166, -2.5e-05, -0.463229, 0.886238, 0.0, 0.0, 0.0, 0.0, 1.0],
                [1.0, -0.000518, -0.000242, 0.0, 0.000571, 0.886238, 0.463231, 0.375166, -2.5e-05, -0.463229, 0.886238, 0.0, 0.0, 0.0, 0.0, 1.0],
                [1.0, -0.000518, -0.000242, 0.0, 0.000571, 0.886238, 0.463231, 0.375166, -2.5e-05, -0.463229, 0.886238, 0.0, 0.0, 0.0, 0.0, 1.0],
                [1.0, -0.000518, -0.000242, 0.0, 0.000571, 0.886238, 0.463231, 0.375166, -2.5e-05, -0.463229, 0.886238, 0.0, 0.0, 0.0, 0.0, 1.0],
                [1.0, -0.000518, -0.000242, 0.0, 0.000571, 0.886238, 0.463231, 0.375166, -2.5e-05, -0.463229, 0.886238, 0.0, 0.0, 0.0, 0.0, 1.0],
                [1.0, -0.000518, -0.000242, 0.0, 0.000571, 0.886238, 0.463231, 0.375166, -2.5e-05, -0.463229, 0.886238, 0.0, 0.0, 0.0, 0.0, 1.0],
                [1.0, -0.000518, -0.000242, 0.0, 0.000571, 0.886238, 0.463231, 0.375166, -2.5e-05, -0.463229, 0.886238, 0.0, 0.0, 0.0, 0.0, 1.0],
                [1.0, -0.000518, -0.000242, 0.0, 0.000571, 0.886238, 0.463231, 0.375166, -2.5e-05, -0.463229, 0.886238, 0.0, 0.0, 0.0, 0.0, 1.0],
                [1.0, -0.000518, -0.000242, 0.0, 0.000571, 0.886238, 0.463231, 0.375166, -2.5e-05, -0.463229, 0.886238, 0.0, 0.0, 0.0, 0.0, 1.0],
                [1.0, -0.000518, -0.000242, 0.0, 0.000571, 0.886238, 0.463231, 0.375166, -2.5e-05, -0.463229, 0.886238, 0.0, 0.0, 0.0, 0.0, 1.0],
                [1.0, -0.000518, -0.000242, 0.0, 0.000571, 0.886238, 0.463231, 0.375166, -2.5e-05, -0.463229, 0.886238, 0.0, 0.0, 0.0, 0.0, 1.0],
                [0.999999, -0.000518, -0.000242, 0.0, 0.000571, 0.886239, 0.463232, 0.375166, -2.5e-05, -0.463229, 0.886238, 0.0, 0.0, 0.0, 0.0, 1.0],
                [1.0, -0.000518, -0.000242, 0.0, 0.000571, 0.886239, 0.46323, 0.375166, -2.5e-05, -0.463228, 0.886239, -0.0, 0.0, 0.0, 0.0, 1.0],
                [1.0, -0.000518, -0.000242, -0.0, 0.000571, 0.886238, 0.463231, 0.375166, -2.5e-05, -0.463229, 0.886238, -0.0, 0.0, 0.0, 0.0, 1.0],
                [1.0, -0.000518, -0.000242, 0.0, 0.000571, 0.886238, 0.463231, 0.375166, -2.5e-05, -0.463229, 0.886238, 0.0, 0.0, 0.0, 0.0, 1.0],
                [1.0, -0.000518, -0.000242, -0.0, 0.000571, 0.886238, 0.463232, 0.375166, -2.5e-05, -0.463229, 0.886238, 0.0, 0.0, 0.0, 0.0, 1.0],
                [1.0, -0.000518, -0.000242, 0.0, 0.000571, 0.886238, 0.463231, 0.375166, -2.5e-05, -0.463229, 0.886237, 0.0, 0.0, 0.0, 0.0, 1.0],
                [1.0, -0.000518, -0.000242, 0.0, 0.000571, 0.886238, 0.463231, 0.375166, -2.5e-05, -0.463229, 0.886238, 0.0, 0.0, 0.0, 0.0, 1.0],
                [1.0, -0.000518, -0.000242, 0.0, 0.000571, 0.886239, 0.463232, 0.375166, -2.5e-05, -0.463229, 0.886237, 0.0, 0.0, 0.0, 0.0, 1.0],
                [1.0, -0.000518, -0.000242, 0.0, 0.000571, 0.886239, 0.463231, 0.375166, -2.5e-05, -0.463229, 0.886238, -0.0, 0.0, 0.0, 0.0, 1.0],
                [1.0, -0.000518, -0.000242, 0.0, 0.000571, 0.886238, 0.463232, 0.375166, -2.5e-05, -0.463229, 0.886238, 0.0, 0.0, 0.0, 0.0, 1.0],
                [1.0, -0.000518, -0.000242, 0.0, 0.000571, 0.886239, 0.463231, 0.375166, -2.5e-05, -0.463229, 0.886238, 0.0, 0.0, 0.0, 0.0, 1.0],
                [1.0, -0.000518, -0.000242, 0.0, 0.000571, 0.886239, 0.463232, 0.375166, -2.5e-05, -0.463229, 0.886238, -0.0, 0.0, 0.0, 0.0, 1.0],
                [1.0, -0.000518, -0.000242, -0.0, 0.000571, 0.886239, 0.463231, 0.375166, -2.5e-05, -0.463228, 0.886238, 0.0, 0.0, 0.0, 0.0, 1.0],
                [1.0, -0.000518, -0.000242, -0.0, 0.000571, 0.886238, 0.463231, 0.375166, -2.5e-05, -0.463229, 0.886238, -0.0, 0.0, 0.0, 0.0, 1.0],
                [1.0, -0.000518, -0.000242, -0.0, 0.000571, 0.886238, 0.463231, 0.375166, -2.5e-05, -0.463229, 0.886238, -0.0, 0.0, 0.0, 0.0, 1.0],
                [1.0, -0.000518, -0.000242, -0.0, 0.000571, 0.886238, 0.463231, 0.375166, -2.5e-05, -0.463229, 0.886238, -0.0, 0.0, 0.0, 0.0, 1.0],
                [1.0, -0.000518, -0.000242, -0.0, 0.000571, 0.886238, 0.463231, 0.375166, -2.5e-05, -0.463229, 0.886238, -0.0, 0.0, 0.0, 0.0, 1.0],
                [1.0, -0.000518, -0.000242, -0.0, 0.000571, 0.886238, 0.463231, 0.375166, -2.5e-05, -0.463229, 0.886238, -0.0, 0.0, 0.0, 0.0, 1.0],
                [1.0, -0.000518, -0.000242, -0.0, 0.000571, 0.886238, 0.463231, 0.375166, -2.5e-05, -0.463229, 0.886238, -0.0, 0.0, 0.0, 0.0, 1.0],
                [1.0, -0.000518, -0.000242, -0.0, 0.000571, 0.886238, 0.463231, 0.375166, -2.5e-05, -0.463229, 0.886238, -0.0, 0.0, 0.0, 0.0, 1.0],
                [1.0, -0.000518, -0.000242, -0.0, 0.000571, 0.886238, 0.463231, 0.375166, -2.5e-05, -0.463229, 0.886238, -0.0, 0.0, 0.0, 0.0, 1.0],
                [1.0, -0.000518, -0.000242, -0.0, 0.000571, 0.886238, 0.463231, 0.375166, -2.5e-05, -0.463229, 0.886238, -0.0, 0.0, 0.0, 0.0, 1.0],
                [1.0, -0.000518, -0.000242, -0.0, 0.000571, 0.886238, 0.463231, 0.375166, -2.5e-05, -0.463229, 0.886238, -0.0, 0.0, 0.0, 0.0, 1.0],
                [1.0, -0.000518, -0.000242, -0.0, 0.000571, 0.886238, 0.463231, 0.375166, -2.5e-05, -0.463229, 0.886238, -0.0, 0.0, 0.0, 0.0, 1.0],
                [1.0, -0.000518, -0.000242, -0.0, 0.000571, 0.886238, 0.463231, 0.375166, -2.5e-05, -0.463229, 0.886238, -0.0, 0.0, 0.0, 0.0, 1.0],
                [1.0, -0.000518, -0.000242, -0.0, 0.000571, 0.886238, 0.463231, 0.375166, -2.5e-05, -0.463229, 0.886238, -0.0, 0.0, 0.0, 0.0, 1.0],
                [1.0, -0.000518, -0.000242, -0.0, 0.000571, 0.886238, 0.463231, 0.375166, -2.5e-05, -0.463229, 0.886238, -0.0, 0.0, 0.0, 0.0, 1.0],
                [1.0, -0.000518, -0.000242, -0.0, 0.000571, 0.886238, 0.463231, 0.375166, -2.5e-05, -0.463229, 0.886238, -0.0, 0.0, 0.0, 0.0, 1.0],
                [1.0, -0.000518, -0.000242, -0.0, 0.000571, 0.886238, 0.463231, 0.375166, -2.5e-05, -0.463229, 0.886238, -0.0, 0.0, 0.0, 0.0, 1.0],
                [1.0, -0.000518, -0.000242, -0.0, 0.000571, 0.886238, 0.463231, 0.375166, -2.5e-05, -0.463229, 0.886238, -0.0, 0.0, 0.0, 0.0, 1.0],
                [1.0, -0.000518, -0.000242, -0.0, 0.000571, 0.886238, 0.463231, 0.375166, -2.5e-05, -0.463229, 0.886238, -0.0, 0.0, 0.0, 0.0, 1.0],
                [1.0, -0.000518, -0.000242, -0.0, 0.000571, 0.886238, 0.463231, 0.375166, -2.5e-05, -0.463229, 0.886238, -0.0, 0.0, 0.0, 0.0, 1.0],
                [1.0, -0.000518, -0.000242, -0.0, 0.000571, 0.886238, 0.463231, 0.375166, -2.5e-05, -0.463229, 0.886238, -0.0, 0.0, 0.0, 0.0, 1.0],
                [1.0, -0.000518, -0.000242, -0.0, 0.000571, 0.886238, 0.463231, 0.375166, -2.5e-05, -0.463229, 0.886238, -0.0, 0.0, 0.0, 0.0, 1.0],
                [1.0, -0.000518, -0.000242, -0.0, 0.000571, 0.886238, 0.463231, 0.375166, -2.5e-05, -0.463229, 0.886238, -0.0, 0.0, 0.0, 0.0, 1.0],
                [1.0, -0.000518, -0.000242, -0.0, 0.000571, 0.886238, 0.463231, 0.375166, -2.5e-05, -0.463229, 0.886238, -0.0, 0.0, 0.0, 0.0, 1.0],
                [1.0, -0.000518, -0.000242, -0.0, 0.000571, 0.886238, 0.463231, 0.375166, -2.5e-05, -0.463229, 0.886238, -0.0, 0.0, 0.0, 0.0, 1.0],
                [1.0, -0.000518, -0.000242, -0.0, 0.000571, 0.886238, 0.463231, 0.375166, -2.5e-05, -0.463229, 0.886238, -0.0, 0.0, 0.0, 0.0, 1.0],
                [1.0, -0.000518, -0.000242, -0.0, 0.000571, 0.886238, 0.463231, 0.375166, -2.5e-05, -0.463229, 0.886238, -0.0, 0.0, 0.0, 0.0, 1.0],
                [1.0, -0.000518, -0.000242, -0.0, 0.000571, 0.886238, 0.463231, 0.375166, -2.5e-05, -0.463229, 0.886238, -0.0, 0.0, 0.0, 0.0, 1.0]
            ]
        },
        {
            "name": "Knee_R",
            "time": [0.0, 0.0167, 0.0333, 0.05, 0.0667, 0.0833, 0.1, 0.1167, 0.1333, 0.15, 0.1667, 0.1833, 0.2, 0.2167, 0.2333, 0.25, 0.2667, 0.2833, 0.3, 0.3167, 0.3333, 0.35, 0.3667, 0.3833, 0.4, 0.4167, 0.4333, 0.45, 0.4667, 0.4833, 0.5, 0.5167, 0.5333, 0.55, 0.5667, 0.5833, 0.6, 0.6167, 0.6333, 0.65, 0.6667, 0.6833, 0.7, 0.7167, 0.7333, 0.75, 0.7667, 0.7833, 0.8, 0.8167, 0.8333, 0.85, 0.8667, 0.8833, 0.9, 0.9167, 0.9333, 0.95, 0.9667, 0.9833, 1.0, 1.0167, 1.0333, 1.05, 1.0667, 1.0833, 1.1, 1.1167, 1.1333, 1.15, 1.1667, 1.1833, 1.2, 1.2167, 1.2333, 1.25, 1.2667, 1.2833, 1.3, 1.3167, 1.3333],
            "transform": [
                [1.0, -5.7e-05, 5.4e-05, -0.0, 5.7e-05, 0.048757, -0.998811, 0.375166, 5.4e-05, 0.998811, 0.048757, -0.0, 0.0, 0.0, 0.0, 1.0],
                [1.0, -5.7e-05, 5.4e-05, 0.0, 5.7e-05, 0.048757, -0.998811, 0.375166, 5.4e-05, 0.998811, 0.048757, -0.0, 0.0, 0.0, 0.0, 1.0],
                [1.0, -5.7e-05, 5.4e-05, -0.0, 5.7e-05, 0.048757, -0.998811, 0.375166, 5.4e-05, 0.998811, 0.048757, 0.0, 0.0, 0.0, 0.0, 1.0],
                [1.0, -5.7e-05, 5.4e-05, -0.0, 5.7e-05, 0.048757, -0.998811, 0.375166, 5.4e-05, 0.998811, 0.048757, -0.0, 0.0, 0.0, 0.0, 1.0],
                [1.0, -5.7e-05, 5.4e-05, -0.0, 5.7e-05, 0.048757, -0.998811, 0.375166, 5.4e-05, 0.998811, 0.048757, -0.0, 0.0, 0.0, 0.0, 1.0],
                [1.0, -5.7e-05, 5.4e-05, 0.0, 5.7e-05, 0.048757, -0.998811, 0.375166, 5.4e-05, 0.998811, 0.048757, 0.0, 0.0, 0.0, 0.0, 1.0],
                [1.0, -5.7e-05, 5.4e-05, -0.0, 5.7e-05, 0.048757, -0.998811, 0.375166, 5.4e-05, 0.998811, 0.048757, 0.0, 0.0, 0.0, 0.0, 1.0],
                [1.0, -5.7e-05, 5.4e-05, -0.0, 5.7e-05, 0.048757, -0.998811, 0.375166, 5.4e-05, 0.998811, 0.048757, -0.0, 0.0, 0.0, 0.0, 1.0],
