{
    "animation": [
        {
            "name": "Root",
            "time": [0.0, 0.0167, 0.0333, 0.05, 0.0667, 0.0833, 0.1, 0.1167, 0.1333, 0.15, 0.1667, 0.1833, 0.2, 0.2167, 0.2333, 0.25, 0.2667, 0.2833, 0.3, 0.3167, 0.3333, 0.35, 0.3667, 0.3833, 0.4, 0.4167, 0.4333, 0.45, 0.4667, 0.4833, 0.5, 0.5167, 0.5333, 0.55, 0.5667, 0.5833, 0.6, 0.6167, 0.6333, 0.65, 0.6667, 0.6833, 0.7, 0.7167, 0.7333, 0.75, 0.7667, 0.7833, 0.8, 0.8167, 0.8333],
            "transform": [
                [0.822239, 0.0, -0.569143, -5e-06, -0.569143, 0.0, -0.822239, 0.000946, 0.0, 1.0, 0.0, 0.739988, 0.0, 0.0, 0.0, 1.0],
                [0.822239, 0.0, -0.569143, -5e-06, -0.569143, 0.0, -0.822239, 0.000946, 0.0, 1.0, 0.0, 0.739988, 0.0, 0.0, 0.0, 1.0],
                [0.822239, 0.0, -0.569143, -5e-06, -0.569143, 0.0, -0.822239, 0.000946, 0.0, 1.0, 0.0, 0.739988, 0.0, 0.0, 0.0, 1.0],
                [0.822239, 0.0, -0.569143, -5e-06, -0.569143, 0.0, -0.822239, 0.000946, 0.0, 1.0, 0.0, 0.739988, 0.0, 0.0, 0.0, 1.0],
                [0.822239, 0.0, -0.569143, -5e-06, -0.569143, 0.0, -0.822239, 0.000946, 0.0, 1.0, 0.0, 0.739988, 0.0, 0.0, 0.0, 1.0],
                [0.822239, 0.0, -0.569143, -5e-06, -0.569143, 0.0, -0.822239, 0.000946, 0.0, 1.0, 0.0, 0.739988, 0.0, 0.0, 0.0, 1.0],
                [0.822239, 0.0, -0.569143, -5e-06, -0.569143, 0.0, -0.822239, 0.000946, 0.0, 1.0, 0.0, 0.739988, 0.0, 0.0, 0.0, 1.0],
                [0.822239, 0.0, -0.569143, -5e-06, -0.569143, 0.0, -0.822239, 0.000946, 0.0, 1.0, 0.0, 0.739988, 0.0, 0.0, 0.0, 1.0],
                [0.822239, 0.0, -0.569143, -5e-06, -0.569143, 0.0, -0.822239, 0.000946, 0.0, 1.0, 0.0, 0.739988, 0.0, 0.0, 0.0, 1.0],
                [0.822239, 0.0, -0.569143, -5e-06, -0.569143, 0.0, -0.822239, 0.000946, 0.0, 1.0, 0.0, 0.739988, 0.0, 0.0, 0.0, 1.0],
                [0.822239, 0.0, -0.569143, -5e-06, -0.569143, 0.0, -0.822239, 0.000946, 0.0, 1.0, 0.0, 0.739988, 0.0, 0.0, 0.0, 1.0],
                [0.822239, 0.0, -0.569143, -5e-06, -0.569143, 0.0, -0.822239, 0.000946, 0.0, 1.0, 0.0, 0.739988, 0.0, 0.0, 0.0, 1.0],
                [0.822239, 0.0, -0.569143, -5e-06, -0.569143, 0.0, -0.822239, 0.000946, 0.0, 1.0, 0.0, 0.739988, 0.0, 0.0, 0.0, 1.0],
                [0.822239, 0.0, -0.569143, -5e-06, -0.569143, 0.0, -0.822239, 0.000946, 0.0, 1.0, 0.0, 0.739988, 0.0, 0.0, 0.0, 1.0],
                [0.822239, 0.0, -0.569143, -5e-06, -0.569143, 0.0, -0.822239, 0.000946, 0.0, 1.0, 0.0, 0.739988, 0.0, 0.0, 0.0, 1.0],
                [0.822239, 0.0, -0.569143, -5e-06, -0.569143, 0.0, -0.822239, 0.000946, 0.0, 1.0, 0.0, 0.739988, 0.0, 0.0, 0.0, 1.0],
                [0.822239, 0.0, -0.569143, -5e-06, -0.569143, 0.0, -0.822239, 0.000946, 0.0, 1.0, 0.0, 0.739988, 0.0, 0.0, 0.0, 1.0],
                [0.822239, 0.0, -0.569143, -5e-06, -0.569143, 0.0, -0.822239, 0.000946, 0.0, 1.0, 0.0, 0.739988, 0.0, 0.0, 0.0, 1.0],
                [0.822239, 0.0, -0.569143, -5e-06, -0.569143, 0.0, -0.822239, 0.000946, 0.0, 1.0, 0.0, 0.739988, 0.0, 0.0, 0.0, 1.0],
                [0.822239, 0.0, -0.569143, -5e-06, -0.569143, 0.0, -0.822239, 0.000946, 0.0, 1.0, 0.0, 0.739988, 0.0, 0.0, 0.0, 1.0],
                [0.822239, 0.0, -0.569143, -5e-06, -0.569143, 0.0, -0.822239, 0.000946, 0.0, 1.0, 0.0, 0.739988, 0.0, 0.0, 0.0, 1.0],
                [0.858116, 0.0, -0.513456, 0.007373, -0.513456, 0.0, -0.858116, 0.030243, 0.0, 1.0, 0.0, 0.72774, 0.0, 0.0, 0.0, 1.0],
                [0.920173, 0.0, -0.391511, 0.02223, -0.391511, 0.0, -0.920173, 0.08924, 0.0, 1.0, 0.0, 0.703076, 0.0, 0.0, 0.0, 1.0],
                [0.97223, 0.0, -0.234029, 0.039732, -0.234029, 0.0, -0.97223, 0.158741, 0.0, 1.0, 0.0, 0.674022, 0.0, 0.0, 0.0, 1.0],
                [0.998107, 0.0, -0.061498, 0.057802, -0.061498, 0.0, -0.998107, 0.230498, 0.0, 1.0, 0.0, 0.644024, 0.0, 0.0, 0.0, 1.0],
                [0.994215, 0.0, 0.107405, 0.075227, 0.107405, 0.0, -0.994215, 0.299694, 0.0, 1.0, 0.0, 0.615096, 0.0, 0.0, 0.0, 1.0],
                [0.966235, 0.0, 0.257663, 0.091138, 0.257663, 0.0, -0.966235, 0.362876, 0.0, 1.0, 0.0, 0.588683, 0.0, 0.0, 0.0, 1.0],
                [0.925084, 0.0, 0.379762, 0.104805, 0.379762, 0.0, -0.925084, 0.417146, 0.0, 1.0, 0.0, 0.565996, 0.0, 0.0, 0.0, 1.0],
                [0.883053, 0.0, 0.469273, 0.115533, 0.469273, 0.0, -0.883053, 0.459746, 0.0, 1.0, 0.0, 0.548187, 0.0, 0.0, 0.0, 1.0],
                [0.851346, 0.0, 0.524604, 0.122592, 0.524604, 0.0, -0.851346, 0.487778, 0.0, 1.0, 0.0, 0.536468, 0.0, 0.0, 0.0, 1.0],
                [0.839125, 0.0, 0.543938, 0.125155, 0.543938, 0.0, -0.839125, 0.497955, 0.0, 1.0, 0.0, 0.532213, 0.0, 0.0, 0.0, 1.0],
                [0.839125, 0.0, 0.543938, 0.125155, 0.543938, 0.0, -0.839125, 0.497955, 0.0, 1.0, 0.0, 0.532213, 0.0, 0.0, 0.0, 1.0],
                [0.839125, 0.0, 0.543938, 0.125155, 0.543938, 0.0, -0.839125, 0.497955, 0.0, 1.0, 0.0, 0.532213, 0.0, 0.0, 0.0, 1.0],
                [0.839125, 0.0, 0.543938, 0.125155, 0.543938, 0.0, -0.839125, 0.497955, 0.0, 1.0, 0.0, 0.532213, 0.0, 0.0, 0.0, 1.0],
                [0.839125, 0.0, 0.543938, 0.125155, 0.543938, 0.0, -0.839125, 0.497955, 0.0, 1.0, 0.0, 0.532213, 0.0, 0.0, 0.0, 1.0],
                [0.839125, 0.0, 0.543938, 0.125155, 0.543938, 0.0, -0.839125, 0.497955, 0.0, 1.0, 0.0, 0.532213, 0.0, 0.0, 0.0, 1.0],
                [0.839125, 0.0, 0.543938, 0.125155, 0.543938, 0.0, -0.839125, 0.497955, 0.0, 1.0, 0.0, 0.532213, 0.0, 0.0, 0.0, 1.0],
                [0.839125, 0.0, 0.543938, 0.125155, 0.543938, 0.0, -0.839125, 0.497955, 0.0, 1.0, 0.0, 0.532213, 0.0, 0.0, 0.0, 1.0],
                [0.839125, 0.0, 0.543938, 0.125155, 0.543938, 0.0, -0.839125, 0.497955, 0.0, 1.0, 0.0, 0.532213, 0.0, 0.0, 0.0, 1.0],
                [0.839125, 0.0, 0.543938, 0.125155, 0.543938, 0.0, -0.839125, 0.497955, 0.0, 1.0, 0.0, 0.532213, 0.0, 0.0, 0.0, 1.0],
                [0.839125, 0.0, 0.543938, 0.125155, 0.543938, 0.0, -0.839125, 0.497955, 0.0, 1.0, 0.0, 0.532213, 0.0, 0.0, 0.0, 1.0],
                [0.839125, 0.0, 0.543938, 0.125155, 0.543938, 0.0, -0.839125, 0.497955, 0.0, 1.0, 0.0, 0.532213, 0.0, 0.0, 0.0, 1.0],
                [0.839125, 0.0, 0.543938, 0.125155, 0.543938, 0.0, -0.839125, 0.497955, 0.0, 1.0, 0.0, 0.532213, 0.0, 0.0, 0.0, 1.0],
                [0.839125, 0.0, 0.543938, 0.125155, 0.543938, 0.0, -0.839125, 0.497955, 0.0, 1.0, 0.0, 0.532213, 0.0, 0.0, 0.0, 1.0],
                [0.839125, 0.0, 0.543938, 0.125155, 0.543938, 0.0, -0.839125, 0.497955, 0.0, 1.0, 0.0, 0.532213, 0.0, 0.0, 0.0, 1.0],
                [0.839125, 0.0, 0.543938, 0.125155, 0.543938, 0.0, -0.839125, 0.497955, 0.0, 1.0, 0.0, 0.532213, 0.0, 0.0, 0.0, 1.0],
                [0.839125, 0.0, 0.543938, 0.125155, 0.543938, 0.0, -0.839125, 0.497955, 0.0, 1.0, 0.0, 0.532213, 0.0, 0.0, 0.0, 1.0],
                [0.839125, 0.0, 0.543938, 0.125155, 0.543938, 0.0, -0.839125, 0.497955, 0.0, 1.0, 0.0, 0.532213, 0.0, 0.0, 0.0, 1.0],
                [0.839125, 0.0, 0.543938, 0.125155, 0.543938, 0.0, -0.839125, 0.497955, 0.0, 1.0, 0.0, 0.532213, 0.0, 0.0, 0.0, 1.0],
                [0.839125, 0.0, 0.543938, 0.125155, 0.543938, 0.0, -0.839125, 0.497955, 0.0, 1.0, 0.0, 0.532213, 0.0, 0.0, 0.0, 1.0],
                [0.839125, 0.0, 0.543938, 0.125155, 0.543938, 0.0, -0.839125, 0.497955, 0.0, 1.0, 0.0, 0.532213, 0.0, 0.0, 0.0, 1.0]
            ]
        },
        {
            "name": "Thigh_R",
            "time": [0.0, 0.0167, 0.0333, 0.05, 0.0667, 0.0833, 0.1, 0.1167, 0.1333, 0.15, 0.1667, 0.1833, 0.2, 0.2167, 0.2333, 0.25, 0.2667, 0.2833, 0.3, 0.3167, 0.3333, 0.35, 0.3667, 0.3833, 0.4, 0.4167, 0.4333, 0.45, 0.4667, 0.4833, 0.5, 0.5167, 0.5333, 0.55, 0.5667, 0.5833, 0.6, 0.6167, 0.6333, 0.65, 0.6667, 0.6833, 0.7, 0.7167, 0.7333, 0.75, 0.7667, 0.7833, 0.8, 0.8167, 0.8333],
            "transform": [
                [0.981607, 0.155606, -0.110608, 0.124994, 0.179395, -0.949995, 0.255593, -0.002831, -0.065305, -0.270734, -0.960441, -1.2e-05, 0.0, 0.0, 0.0, 1.0],
                [0.981607, 0.155606, -0.110608, 0.124994, 0.179395, -0.949995, 0.255593, -0.002831, -0.065305, -0.270734, -0.960441, -1.2e-05, 0.0, 0.0, 0.0, 1.0],
                [0.981607, 0.155606, -0.110608, 0.124994, 0.179395, -0.949995, 0.255593, -0.002831, -0.065305, -0.270734, -0.960441, -1.2e-05, 0.0, 0.0, 0.0, 1.0],
                [0.981607, 0.155606, -0.110608, 0.124994, 0.179395, -0.949995, 0.255593, -0.002831, -0.065305, -0.270734, -0.960441, -1.2e-05, 0.0, 0.0, 0.0, 1.0],
                [0.981607, 0.155606, -0.110608, 0.124994, 0.179395, -0.949995, 0.255593, -0.002831, -0.065305, -0.270734, -0.960441, -1.2e-05, 0.0, 0.0, 0.0, 1.0],
                [0.981607, 0.155606, -0.110608, 0.124994, 0.179395, -0.949995, 0.255593, -0.002831, -0.065305, -0.270734, -0.960441, -1.2e-05, 0.0, 0.0, 0.0, 1.0],
                [0.981607, 0.155606, -0.110608, 0.124994, 0.179395, -0.949995, 0.255593, -0.002831, -0.065305, -0.270734, -0.960441, -1.2e-05, 0.0, 0.0, 0.0, 1.0],
                [0.981607, 0.155606, -0.110608, 0.124994, 0.179395, -0.949995, 0.255593, -0.002831, -0.065305, -0.270734, -0.960441, -1.2e-05, 0.0, 0.0, 0.0, 1.0],
                [0.981607, 0.155606, -0.110608, 0.124994, 0.179395, -0.949995, 0.255593, -0.002831, -0.065305, -0.270734, -0.960441, -1.2e-05, 0.0, 0.0, 0.0, 1.0],
                [0.981607, 0.155606, -0.110608, 0.124994, 0.179395, -0.949995, 0.255593, -0.002831, -0.065305, -0.270734, -0.960441, -1.2e-05, 0.0, 0.0, 0.0, 1.0],
                [0.981607, 0.155606, -0.110608, 0.124994, 0.179395, -0.949995, 0.255593, -0.002831, -0.065305, -0.270734, -0.960441, -1.2e-05, 0.0, 0.0, 0.0, 1.0],
                [0.981607, 0.155606, -0.110608, 0.124994, 0.179395, -0.949995, 0.255593, -0.002831, -0.065305, -0.270734, -0.960441, -1.2e-05, 0.0, 0.0, 0.0, 1.0],
                [0.981607, 0.155606, -0.110608, 0.124994, 0.179395, -0.949995, 0.255593, -0.002831, -0.065305, -0.270734, -0.960441, -1.2e-05, 0.0, 0.0, 0.0, 1.0],
                [0.981607, 0.155606, -0.110608, 0.124994, 0.179395, -0.949995, 0.255593, -0.002831, -0.065305, -0.270734, -0.960441, -1.2e-05, 0.0, 0.0, 0.0, 1.0],
                [0.981607, 0.155606, -0.110608, 0.124994, 0.179395, -0.949995, 0.255593, -0.002831, -0.065305, -0.270734, -0.960441, -1.2e-05, 0.0, 0.0, 0.0, 1.0],
                [0.981607, 0.155606, -0.110608, 0.124994, 0.179395, -0.949995, 0.255593, -0.002831, -0.065305, -0.270734, -0.960441, -1.2e-05, 0.0, 0.0, 0.0, 1.0],
                [0.981607, 0.155606, -0.110608, 0.124994, 0.179395, -0.949995, 0.255593, -0.002831, -0.065305, -0.270734, -0.960441, -1.2e-05, 0.0, 0.0, 0.0, 1.0],
                [0.981607, 0.155606, -0.110608, 0.124994, 0.179395, -0.949995, 0.255593, -0.002831, -0.065305, -0.270734, -0.960441, -1.2e-05, 0.0, 0.0, 0.0, 1.0],
                [0.981607, 0.155606, -0.110608, 0.124994, 0.179395, -0.949995, 0.255593, -0.002831, -0.065305, -0.270734, -0.960441, -1.2e-05, 0.0, 0.0, 0.0, 1.0],
                [0.981607, 0.155606, -0.110608, 0.124994, 0.179395, -0.949995, 0.255593, -0.002831, -0.065305, -0.270734, -0.960441, -1.2e-05, 0.0, 0.0, 0.0, 1.0],
                [0.981607, 0.155606, -0.110608, 0.124994, 0.179395, -0.949995, 0.255593, -0.002831, -0.065305, -0.270734, -0.960441, -1.2e-05, 0.0, 0.0, 0.0, 1.0],
                [0.981648, 0.159465, -0.104582, 0.124994, 0.186237, -0.919609, 0.345883, -0.002831, -0.041018, -0.359012, -0.932436, -1.2e-05, 0.0, 0.0, 0.0, 1.0],
                [0.980145, 0.179528, -0.08418, 0.124994, 0.197947, -0.861172, 0.468189, -0.002831, 0.011559, -0.475556, -0.879614, -1.2e-05, 0.0, 0.0, 0.0, 1.0],
                [0.975018, 0.215013, -0.055754, 0.124994, 0.207222, -0.790091, 0.576903, -0.002831, 0.079991, -0.574045, -0.814912, -1.2e-05, 0.0, 0.0, 0.0, 1.0],
                [0.96487, 0.261612, -0.024175, 0.124994, 0.209902, -0.712263, 0.669794, -0.002831, 0.158006, -0.651339, -0.742158, -1.2e-05, 0.0, 0.0, 0.0, 1.0],
                [0.949202, 0.314576, 0.007619, 0.124994, 0.203753, -0.632893, 0.74695, -0.002831, 0.239794, -0.707453, -0.664842, -1.2e-05, 0.0, 0.0, 0.0, 1.0],
                [0.928766, 0.368786, 0.037285, 0.124994, 0.188727, -0.557063, 0.808744, -0.002831, 0.319022, -0.744097, -0.586984, -1.2e-05, 0.0, 0.0, 0.0, 1.0],
                [0.905812, 0.418983, 0.062913, 0.124994, 0.16731, -0.49016, 0.855426, -0.002831, 0.389245, -0.764329, -0.514096, -1.2e-05, 0.0, 0.0, 0.0, 1.0],
                [0.883958, 0.46017, 0.082842, 0.124994, 0.144331, -0.437071, 0.887773, -0.002831, 0.444732, -0.772797, -0.452772, -1.2e-05, 0.0, 0.0, 0.0, 1.0],
                [0.867649, 0.48788, 0.095705, 0.124994, 0.12606, -0.402084, 0.906885, -0.002831, 0.48093, -0.774793, -0.410373, -1.2e-05, 0.0, 0.0, 0.0, 1.0],
                [0.861344, 0.498018, 0.100331, 0.124994, 0.118792, -0.389457, 0.913354, -0.002831, 0.493939, -0.774792, -0.39462, -1.2e-05, 0.0, 0.0, 0.0, 1.0],
                [0.861344, 0.498018, 0.100331, 0.124994, 0.118792, -0.389457, 0.913354, -0.002831, 0.493939, -0.774792, -0.39462, -1.2e-05, 0.0, 0.0, 0.0, 1.0],
                [0.861344, 0.498018, 0.100331, 0.124994, 0.118792, -0.389457, 0.913354, -0.002831, 0.493939, -0.774792, -0.39462, -1.2e-05, 0.0, 0.0, 0.0, 1.0],
                [0.861344, 0.498018, 0.100331, 0.124994, 0.118792, -0.389457, 0.913354, -0.002831, 0.493939, -0.774792, -0.39462, -1.2e-05, 0.0, 0.0, 0.0, 1.0],
                [0.861344, 0.498018, 0.100331, 0.124994, 0.118792, -0.389457, 0.913354, -0.002831, 0.493939, -0.774792, -0.39462, -1.2e-05, 0.0, 0.0, 0.0, 1.0],
                [0.861344, 0.498018, 0.100331, 0.124994, 0.118792, -0.389457, 0.913354, -0.002831, 0.493939, -0.774792, -0.39462, -1.2e-05, 0.0, 0.0, 0.0, 1.0],
                [0.861344, 0.498018, 0.100331, 0.124994, 0.118792, -0.389457, 0.913354, -0.002831, 0.493939, -0.774792, -0.39462, -1.2e-05, 0.0, 0.0, 0.0, 1.0],
                [0.861344, 0.498018, 0.100331, 0.124994, 0.118792, -0.389457, 0.913354, -0.002831, 0.493939, -0.774792, -0.39462, -1.2e-05, 0.0, 0.0, 0.0, 1.0],
                [0.861344, 0.498018, 0.100331, 0.124994, 0.118792, -0.389457, 0.913354, -0.002831, 0.493939, -0.774792, -0.39462, -1.2e-05, 0.0, 0.0, 0.0, 1.0],
                [0.861344, 0.498018, 0.100331, 0.124994, 0.118792, -0.389457, 0.913354, -0.002831, 0.493939, -0.774792, -0.39462, -1.2e-05, 0.0, 0.0, 0.0, 1.0],
                [0.861344, 0.498018, 0.100331, 0.124994, 0.118792, -0.389457, 0.913354, -0.002831, 0.493939, -0.774792, -0.39462, -1.2e-05, 0.0, 0.0, 0.0, 1.0],
                [0.861344, 0.498018, 0.100331, 0.124994, 0.118792, -0.389457, 0.913354, -0.002831, 0.493939, -0.774792, -0.39462, -1.2e-05, 0.0, 0.0, 0.0, 1.0],
                [0.861344, 0.498018, 0.100331, 0.124994, 0.118792, -0.389457, 0.913354, -0.002831, 0.493939, -0.774792, -0.39462, -1.2e-05, 0.0, 0.0, 0.0, 1.0],
                [0.861344, 0.498018, 0.100331, 0.124994, 0.118792, -0.389457, 0.913354, -0.002831, 0.493939, -0.774792, -0.39462, -1.2e-05, 0.0, 0.0, 0.0, 1.0],
                [0.861344, 0.498018, 0.100331, 0.124994, 0.118792, -0.389457, 0.913354, -0.002831, 0.493939, -0.774792, -0.39462, -1.2e-05, 0.0, 0.0, 0.0, 1.0],
                [0.861344, 0.498018, 0.100331, 0.124994, 0.118792, -0.389457, 0.913354, -0.002831, 0.493939, -0.774792, -0.39462, -1.2e-05, 0.0, 0.0, 0.0, 1.0],
                [0.861344, 0.498018, 0.100331, 0.124994, 0.118792, -0.389457, 0.913354, -0.002831, 0.493939, -0.774792, -0.39462, -1.2e-05, 0.0, 0.0, 0.0, 1.0],
                [0.861344, 0.498018, 0.100331, 0.124994, 0.118792, -0.389457, 0.913354, -0.002831, 0.493939, -0.774792, -0.39462, -1.2e-05, 0.0, 0.0, 0.0, 1.0],
                [0.861344, 0.498018, 0.100331, 0.124994, 0.118792, -0.389457, 0.913354, -0.002831, 0.493939, -0.774792, -0.39462, -1.2e-05, 0.0, 0.0, 0.0, 1.0],
                [0.861344, 0.498018, 0.100331, 0.124994, 0.118792, -0.389457, 0.913354, -0.002831, 0.493939, -0.774792, -0.39462, -1.2e-05, 0.0, 0.0, 0.0, 1.0],
                [0.861344, 0.498018, 0.100331, 0.124994, 0.118792, -0.389457, 0.913354, -0.002831, 0.493939, -0.774792, -0.39462, -1.2e-05, 0.0, 0.0, 0.0, 1.0]
            ]
        },
        {
            "name": "Leg_R",
            "time": [0.0, 0.0167, 0.0333, 0.05, 0.0667, 0.0833, 0.1, 0.1167, 0.1333, 0.15, 0.1667, 0.1833, 0.2, 0.2167, 0.2333, 0.25, 0.2667, 0.2833, 0.3, 0.3167, 0.3333, 0.35, 0.3667, 0.3833, 0.4, 0.4167, 0.4333, 0.45, 0.4667, 0.4833, 0.5, 0.5167, 0.5333, 0.55, 0.5667, 0.5833, 0.6, 0.6167, 0.6333, 0.65, 0.6667, 0.6833, 0.7, 0.7167, 0.7333, 0.75, 0.7667, 0.7833, 0.8, 0.8167, 0.8333],
            "transform": [
                [1.0, -0.000274, -0.000149, 0.0, 0.000302, 0.969532, 0.244966, 0.375166, 7.7e-05, -0.244965, 0.969532, 0.0, 0.0, 0.0, 0.0, 1.0],
                [1.0, -0.000274, -0.000149, 0.0, 0.000302, 0.969532, 0.244966, 0.375166, 7.7e-05, -0.244965, 0.969532, 0.0, 0.0, 0.0, 0.0, 1.0],
                [1.0, -0.000274, -0.000149, 0.0, 0.000302, 0.969532, 0.244966, 0.375166, 7.7e-05, -0.244965, 0.969532, 0.0, 0.0, 0.0, 0.0, 1.0],
                [1.0, -0.000274, -0.000149, 0.0, 0.000302, 0.969532, 0.244966, 0.375166, 7.7e-05, -0.244965, 0.969532, 0.0, 0.0, 0.0, 0.0, 1.0],
                [1.0, -0.000274, -0.000149, 0.0, 0.000302, 0.969532, 0.244966, 0.375166, 7.7e-05, -0.244965, 0.969532, 0.0, 0.0, 0.0, 0.0, 1.0],
                [1.0, -0.000274, -0.000149, 0.0, 0.000302, 0.969532, 0.244966, 0.375166, 7.7e-05, -0.244965, 0.969532, 0.0, 0.0, 0.0, 0.0, 1.0],
                [1.0, -0.000274, -0.000149, 0.0, 0.000302, 0.969532, 0.244966, 0.375166, 7.7e-05, -0.244965, 0.969532, 0.0, 0.0, 0.0, 0.0, 1.0],
                [1.0, -0.000274, -0.000149, 0.0, 0.000302, 0.969532, 0.244966, 0.375166, 7.7e-05, -0.244965, 0.969532, 0.0, 0.0, 0.0, 0.0, 1.0],
                [1.0, -0.000274, -0.000149, 0.0, 0.000302, 0.969532, 0.244966, 0.375166, 7.7e-05, -0.244965, 0.969532, 0.0, 0.0, 0.0, 0.0, 1.0],
                [1.0, -0.000274, -0.000149, 0.0, 0.000302, 0.969532, 0.244966, 0.375166, 7.7e-05, -0.244965, 0.969532, 0.0, 0.0, 0.0, 0.0, 1.0],
                [1.0, -0.000274, -0.000149, 0.0, 0.000302, 0.969532, 0.244966, 0.375166, 7.7e-05, -0.244965, 0.969532, 0.0, 0.0, 0.0, 0.0, 1.0],
                [1.0, -0.000274, -0.000149, 0.0, 0.000302, 0.969532, 0.244966, 0.375166, 7.7e-05, -0.244965, 0.969532, 0.0, 0.0, 0.0, 0.0, 1.0],
                [1.0, -0.000274, -0.000149, 0.0, 0.000302, 0.969532, 0.244966, 0.375166, 7.7e-05, -0.244965, 0.969532, 0.0, 0.0, 0.0, 0.0, 1.0],
                [1.0, -0.000274, -0.000149, 0.0, 0.000302, 0.969532, 0.244966, 0.375166, 7.7e-05, -0.244965, 0.969532, 0.0, 0.0, 0.0, 0.0, 1.0],
                [1.0, -0.000274, -0.000149, 0.0, 0.000302, 0.969532, 0.244966, 0.375166, 7.7e-05, -0.244965, 0.969532, 0.0, 0.0, 0.0, 0.0, 1.0],
                [1.0, -0.000274, -0.000149, 0.0, 0.000302, 0.969532, 0.244966, 0.375166, 7.7e-05, -0.244965, 0.969532, 0.0, 0.0, 0.0, 0.0, 1.0],
                [1.0, -0.000274, -0.000149, 0.0, 0.000302, 0.969532, 0.244966, 0.375166, 7.7e-05, -0.244965, 0.969532, 0.0, 0.0, 0.0, 0.0, 1.0],
                [1.0, -0.000274, -0.000149, 0.0, 0.000302, 0.969532, 0.244966, 0.375166, 7.7e-05, -0.244965, 0.969532, 0.0, 0.0, 0.0, 0.0, 1.0],
                [1.0, -0.000274, -0.000149, 0.0, 0.000302, 0.969532, 0.244966, 0.375166, 7.7e-05, -0.244965, 0.969532, 0.0, 0.0, 0.0, 0.0, 1.0],
                [1.0, -0.000274, -0.000149, 0.0, 0.000302, 0.969532, 0.244966, 0.375166, 7.7e-05, -0.244965, 0.969532, 0.0, 0.0, 0.0, 0.0, 1.0],
                [1.0, -0.000274, -0.000149, 0.0, 0.000302, 0.969532, 0.244966, 0.375166, 7.7e-05, -0.244965, 0.969532, 0.0, 0.0, 0.0, 0.0, 1.0],
                [1.0, -0.000443, -0.000207, -0.0, 0.000489, 0.918069, 0.396423, 0.375166, 1.4e-05, -0.396421, 0.918068, -0.0, 0.0, 0.0, 0.0, 1.0],
                [1.0, -0.000641, -0.000317, 0.0, 0.000707, 0.819534, 0.573032, 0.375166, -0.000108, -0.573029, 0.819533, 0.0, 0.0, 0.0, 0.0, 1.0],
                [0.999999, -0.000785, -0.000437, 0.0, 0.000866, 0.712317, 0.70186, 0.375166, -0.00024, -0.701856, 0.712315, -0.0, 0.0, 0.0, 0.0, 1.0],
                [0.999999, -0.000885, -0.00055, 0.0, 0.000976, 0.611421, 0.791307, 0.375166, -0.000364, -0.791303, 0.61142, -0.0, 0.0, 0.0, 0.0, 1.0],
                [1.0, -0.000953, -0.000647, -0.0, 0.00105, 0.52389, 0.851788, 0.375166, -0.000472, -0.851784, 0.523889, 0.0, 0.0, 0.0, 0.0, 1.0],
                [0.999999, -0.000998, -0.000728, -0.0, 0.0011, 0.452087, 0.891976, 0.375166, -0.000561, -0.891972, 0.452086, -0.0, 0.0, 0.0, 0.0, 1.0],
                [0.999999, -0.001026, -0.00079, 0.0, 0.001132, 0.396764, 0.917922, 0.375166, -0.000629, -0.917918, 0.396763, 0.0, 0.0, 0.0, 0.0, 1.0],
                [0.999999, -0.001044, -0.000834, 0.0, 0.001152, 0.357385, 0.933959, 0.375166, -0.000678, -0.933954, 0.357384, 0.0, 0.0, 0.0, 0.0, 1.0],
                [1.0, -0.001054, -0.000861, -0.0, 0.001163, 0.33329, 0.942826, 0.375166, -0.000707, -0.942822, 0.33329, 0.0, 0.0, 0.0, 0.0, 1.0],
                [0.999999, -0.001058, -0.00087, 0.0, 0.001166, 0.324977, 0.945723, 0.375166, -0.000718, -0.945719, 0.324976, -0.0, 0.0, 0.0, 0.0, 1.0],
                [0.999999, -0.001058, -0.00087, 0.0, 0.001166, 0.324977, 0.945723, 0.375166, -0.000718, -0.945719, 0.324976, -0.0, 0.0, 0.0, 0.0, 1.0],
                [0.999999, -0.001058, -0.00087, 0.0, 0.001166, 0.324977, 0.945723, 0.375166, -0.000718, -0.945719, 0.324976, -0.0, 0.0, 0.0, 0.0, 1.0],
                [0.999999, -0.001058, -0.00087, 0.0, 0.001166, 0.324977, 0.945723, 0.375166, -0.000718, -0.945719, 0.324976, -0.0, 0.0, 0.0, 0.0, 1.0],
                [0.999999, -0.001058, -0.00087, 0.0, 0.001166, 0.324977, 0.945723, 0.375166, -0.000718, -0.945719, 0.324976, -0.0, 0.0, 0.0, 0.0, 1.0],
                [0.999999, -0.001058, -0.00087, 0.0, 0.001166, 0.324977, 0.945723, 0.375166, -0.000718, -0.945719, 0.324976, -0.0, 0.0, 0.0, 0.0, 1.0],
                [0.999999, -0.001058, -0.00087, 0.0, 0.001166, 0.324977, 0.945723, 0.375166, -0.000718, -0.945719, 0.324976, -0.0, 0.0, 0.0, 0.0, 1.0],
                [0.999999, -0.001058, -0.00087, 0.0, 0.001166, 0.324977, 0.945723, 0.375166, -0.000718, -0.945719, 0.324976, -0.0, 0.0, 0.0, 0.0, 1.0],
                [0.999999, -0.001058, -0.00087, 0.0, 0.001166, 0.324977, 0.945723, 0.375166, -0.000718, -0.945719, 0.324976, -0.0, 0.0, 0.0, 0.0, 1.0],
                [0.999999, -0.001058, -0.00087, 0.0, 0.001166, 0.324977, 0.945723, 0.375166, -0.000718, -0.945719, 0.324976, -0.0, 0.0, 0.0, 0.0, 1.0],
                [0.999999, -0.001058, -0.00087, 0.0, 0.001166, 0.324977, 0.945723, 0.375166, -0.000718, -0.945719, 0.324976, -0.0, 0.0, 0.0, 0.0, 1.0],
                [0.999999, -0.001058, -0.00087, 0.0, 0.001166, 0.324977, 0.945723, 0.375166, -0.000718, -0.945719, 0.324976, -0.0, 0.0, 0.0, 0.0, 1.0],
                [0.999999, -0.001058, -0.00087, 0.0, 0.001166, 0.324977, 0.945723, 0.375166, -0.000718, -0.945719, 0.324976, -0.0, 0.0, 0.0, 0.0, 1.0],
                [0.999999, -0.001058, -0.00087, 0.0, 0.001166, 0.324977, 0.945723, 0.375166, -0.000718, -0.945719, 0.324976, -0.0, 0.0, 0.0, 0.0, 1.0],
                [0.999999, -0.001058, -0.00087, 0.0, 0.001166, 0.324977, 0.945723, 0.375166, -0.000718, -0.945719, 0.324976, -0.0, 0.0, 0.0, 0.0, 1.0],
                [0.999999, -0.001058, -0.00087, 0.0, 0.001166, 0.324977, 0.945723, 0.375166, -0.000718, -0.945719, 0.324976, -0.0, 0.0, 0.0, 0.0, 1.0],
                [0.999999, -0.001058, -0.00087, 0.0, 0.001166, 0.324977, 0.945723, 0.375166, -0.000718, -0.945719, 0.324976, -0.0, 0.0, 0.0, 0.0, 1.0],
                [0.999999, -0.001058, -0.00087, 0.0, 0.001166, 0.324977, 0.945723, 0.375166, -0.000718, -0.945719, 0.324976, -0.0, 0.0, 0.0, 0.0, 1.0],
                [0.999999, -0.001058, -0.00087, 0.0, 0.001166, 0.324977, 0.945723, 0.375166, -0.000718, -0.945719, 0.324976, -0.0, 0.0, 0.0, 0.0, 1.0],
                [0.999999, -0.001058, -0.00087, 0.0, 0.001166, 0.324977, 0.945723, 0.375166, -0.000718, -0.945719, 0.324976, -0.0, 0.0, 0.0, 0.0, 1.0],
                [0.999999, -0.001058, -0.00087, 0.0, 0.001166, 0.324977, 0.945723, 0.375166, -0.000718, -0.945719, 0.324976, -0.0, 0.0, 0.0, 0.0, 1.0]
            ]
        },
        {
            "name": "Knee_R",
            "time": [0.0, 0.0167, 0.0333, 0.05, 0.0667, 0.0833, 0.1, 0.1167, 0.1333, 0.15, 0.1667, 0.1833, 0.2, 0.2167, 0.2333, 0.25, 0.2667, 0.2833, 0.3, 0.3167, 0.3333, 0.35, 0.3667, 0.3833, 0.4, 0.4167, 0.4333, 0.45, 0.4667, 0.4833, 0.5, 0.5167, 0.5333, 0.55, 0.5667, 0.5833, 0.6, 0.6167, 0.6333, 0.65, 0.6667, 0.6833, 0.7, 0.7167, 0.7333, 0.75, 0.7667, 0.7833, 0.8, 0.8167, 0.8333],
            "transform": [
                [1.0, -5.7e-05, 5.4e-05, 0.0, 5.7e-05, 0.048757, -0.998811, 0.375166, 5.4e-05, 0.998811, 0.048757, 0.0, 0.0, 0.0, 0.0, 1.0],
                [1.0, -5.7e-05, 5.4e-05, 0.0, 5.7e-05, 0.048757, -0.998811, 0.375166, 5.4e-05, 0.998811, 0.048757, 0.0, 0.0, 0.0, 0.0, 1.0],
                [1.0, -5.7e-05, 5.4e-05, 0.0, 5.7e-05, 0.048757, -0.998811, 0.375166, 5.4e-05, 0.998811, 0.048757, 0.0, 0.0, 0.0, 0.0, 1.0],
                [1.0, -5.7e-05, 5.4e-05, 0.0, 5.7e-05, 0.048757, -0.998811, 0.375166, 5.4e-05, 0.998811, 0.048757, 0.0, 0.0, 0.0, 0.0, 1.0],
                [1.0, -5.7e-05, 5.4e-05, 0.0, 5.7e-05, 0.048757, -0.998811, 0.375166, 5.4e-05, 0.998811, 0.048757, 0.0, 0.0, 0.0, 0.0, 1.0],
                [1.0, -5.7e-05, 5.4e-05, 0.0, 5.7e-05, 0.048757, -0.998811, 0.375166, 5.4e-05, 0.998811, 0.048757, 0.0, 0.0, 0.0, 0.0, 1.0],
                [1.0, -5.7e-05, 5.4e-05, 0.0, 5.7e-05, 0.048757, -0.998811, 0.375166, 5.4e-05, 0.998811, 0.048757, 0.0, 0.0, 0.0, 0.0, 1.0],
                [1.0, -5.7e-05, 5.4e-05, 0.0, 5.7e-05, 0.048757, -0.998811, 0.375166, 5.4e-05, 0.998811, 0.048757, 0.0, 0.0, 0.0, 0.0, 1.0],
                [1.0, -5.7e-05, 5.4e-05, 0.0, 5.7e-05, 0.048757, -0.998811, 0.375166, 5.4e-05, 0.998811, 0.048757, 0.0, 0.0, 0.0, 0.0, 1.0],
                [1.0, -5.7e-05, 5.4e-05, 0.0, 5.7e-05, 0.048757, -0.998811, 0.375166, 5.4e-05, 0.998811, 0.048757, 0.0, 0.0, 0.0, 0.0, 1.0],
                [1.0, -5.7e-05, 5.4e-05, 0.0, 5.7e-05, 0.048757, -0.998811, 0.375166, 5.4e-05, 0.998811, 0.048757, 0.0, 0.0, 0.0, 0.0, 1.0],
                [1.0, -5.7e-05, 5.4e-05, 0.0, 5.7e-05, 0.048757, -0.998811, 0.375166, 5.4e-05, 0.998811, 0.048757, 0.0, 0.0, 0.0, 0.0, 1.0],
                [1.0, -5.7e-05, 5.4e-05, 0.0, 5.7e-05, 0.048757, -0.998811, 0.375166, 5.4e-05, 0.998811, 0.048757, 0.0, 0.0, 0.0, 0.0, 1.0],
                [1.0, -5.7e-05, 5.4e-05, 0.0, 5.7e-05, 0.048757, -0.998811, 0.375166, 5.4e-05, 0.998811, 0.048757, 0.0, 0.0, 0.0, 0.0, 1.0],
                [1.0, -5.7e-05, 5.4e-05, 0.0, 5.7e-05, 0.048757, -0.998811, 0.375166, 5.4e-05, 0.998811, 0.048757, 0.0, 0.0, 0.0, 0.0, 1.0],
                [1.0, -5.7e-05, 5.4e-05, 0.0, 5.7e-05, 0.048757, -0.998811, 0.375166, 5.4e-05, 0.998811, 0.048757, 0.0, 0.0, 0.0, 0.0, 1.0],
                [1.0, -5.7e-05, 5.4e-05, 0.0, 5.7e-05, 0.048757, -0.998811, 0.375166, 5.4e-05, 0.998811, 0.048757, 0.0, 0.0, 0.0, 0.0, 1.0],
                [1.0, -5.7e-05, 5.4e-05, 0.0, 5.7e-05, 0.048757, -0.998811, 0.375166, 5.4e-05, 0.998811, 0.048757, 0.0, 0.0, 0.0, 0.0, 1.0],
                [1.0, -5.7e-05, 5.4e-05, 0.0, 5.7e-05, 0.048757, -0.998811, 0.375166, 5.4e-05, 0.998811, 0.048757, 0.0, 0.0, 0.0, 0.0, 1.0],
                [1.0, -5.7e-05, 5.4e-05, 0.0, 5.7e-05, 0.048757, -0.998811, 0.375166, 5.4e-05, 0.998811, 0.048757, 0.0, 0.0, 0.0, 0.0, 1.0],
                [1.0, -5.7e-05, 5.4e-05, 0.0, 5.7e-05, 0.048757, -0.998811, 0.375166, 5.4e-05, 0.998811, 0.048757, 0.0, 0.0, 0.0, 0.0, 1.0],
                [1.0, -5.7e-05, 5.4e-05, -0.0, 5.7e-05, 0.048757, -0.998811, 0.375166, 5.4e-05, 0.998811, 0.048757, -0.0, 0.0, 0.0, 0.0, 1.0],
                [1.0, -5.7e-05, 5.4e-05, 0.0, 5.7e-05, 0.048757, -0.998811, 0.375166, 5.4e-05, 0.998811, 0.048757, 0.0, 0.0, 0.0, 0.0, 1.0],
                [1.0, -5.7e-05, 5.4e-05, 0.0, 5.7e-05, 0.048757, -0.99881, 0.375166, 5.4e-05, 0.998811, 0.048757, -0.0, 0.0, 0.0, 0.0, 1.0],
                [1.0, -5.7e-05, 5.4e-05, 0.0, 5.7e-05, 0.048757, -0.998811, 0.375166, 5.4e-05, 0.99881, 0.048757, -0.0, 0.0, 0.0, 0.0, 1.0],
                [1.0, -5.7e-05, 5.4e-05, -0.0, 5.7e-05, 0.048757, -0.998811, 0.375166, 5.4e-05, 0.998811, 0.048757, 0.0, 0.0, 0.0, 0.0, 1.0],
                [1.0, -5.7e-05, 5.4e-05, -0.0, 5.7e-05, 0.048757, -0.998811, 0.375166, 5.4e-05, 0.998811, 0.048757, -0.0, 0.0, 0.0, 0.0, 1.0],
                [1.0, -5.7e-05, 5.4e-05, 0.0, 5.7e-05, 0.048757, -0.998811, 0.375166, 5.4e-05, 0.998811, 0.048757, 0.0, 0.0, 0.0, 0.0, 1.0],
                [1.0, -5.7e-05, 5.4e-05, 0.0, 5.7e-05, 0.048757, -0.998811, 0.375166, 5.4e-05, 0.998811, 0.048757, 0.0, 0.0, 0.0, 0.0, 1.0],
                [1.0, -5.7e-05, 5.4e-05, -0.0, 5.7e-05, 0.048757, -0.998811, 0.375166, 5.4e-05, 0.998811, 0.048757, 0.0, 0.0, 0.0, 0.0, 1.0],
                [1.0, -5.7e-05, 5.4e-05, 0.0, 5.7e-05, 0.048757, -0.998811, 0.375166, 5.4e-05, 0.998811, 0.048757, -0.0, 0.0, 0.0, 0.0, 1.0],
                [1.0, -5.7e-05, 5.4e-05, 0.0, 5.7e-05, 0.048757, -0.998811, 0.375166, 5.4e-05, 0.998811, 0.048757, -0.0, 0.0, 0.0, 0.0, 1.0],
                [1.0, -5.7e-05, 5.4e-05, 0.0, 5.7e-05, 0.048757, -0.998811, 0.375166, 5.4e-05, 0.998811, 0.048757, -0.0, 0.0, 0.0, 0.0, 1.0],
                [1.0, -5.7e-05, 5.4e-05, 0.0, 5.7e-05, 0.048757, -0.998811, 0.375166, 5.4e-05, 0.998811, 0.048757, -0.0, 0.0, 0.0, 0.0, 1.0],
                [1.0, -5.7e-05, 5.4e-05, 0.0, 5.7e-05, 0.048757, -0.998811, 0.375166, 5.4e-05, 0.998811, 0.048757, -0.0, 0.0, 0.0, 0.0, 1.0],
                [1.0, -5.7e-05, 5.4e-05, 0.0, 5.7e-05, 0.048757, -0.998811, 0.375166, 5.4e-05, 0.998811, 0.048757, -0.0, 0.0, 0.0, 0.0, 1.0],
                [1.0, -5.7e-05, 5.4e-05, 0.0, 5.7e-05, 0.048757, -0.998811, 0.375166, 5.4e-05, 0.998811, 0.048757, -0.0, 0.0, 0.0, 0.0, 1.0],
                [1.0, -5.7e-05, 5.4e-05, 0.0, 5.7e-05, 0.048757, -0.998811, 0.375166, 5.4e-05, 0.998811, 0.048757, -0.0, 0.0, 0.0, 0.0, 1.0],
                [1.0, -5.7e-05, 5.4e-05, 0.0, 5.7e-05, 0.048757, -0.998811, 0.375166, 5.4e-05, 0.998811, 0.048757, -0.0, 0.0, 0.0, 0.0, 1.0],
                [1.0, -5.7e-05, 5.4e-05, 0.0, 5.7e-05, 0.048757, -0.998811, 0.375166, 5.4e-05, 0.998811, 0.048757, -0.0, 0.0, 0.0, 0.0, 1.0],
                [1.0, -5.7e-05, 5.4e-05, 0.0, 5.7e-05, 0.048757, -0.998811, 0.375166, 5.4e-05, 0.998811, 0.048757, -0.0, 0.0, 0.0, 0.0, 1.0],
                [1.0, -5.7e-05, 5.4e-05, 0.0, 5.7e-05, 0.048757, -0.998811, 0.375166, 5.4e-05, 0.998811, 0.048757, -0.0, 0.0, 0.0, 0.0, 1.0],
                [1.0, -5.7e-05, 5.4e-05, 0.0, 5.7e-05, 0.048757, -0.998811, 0.375166, 5.4e-05, 0.998811, 0.048757, -0.0, 0.0, 0.0, 0.0, 1.0],
                [1.0, -5.7e-05, 5.4e-05, 0.0, 5.7e-05, 0.048757, -0.998811, 0.375166, 5.4e-05, 0.998811, 0.048757, -0.0, 0.0, 0.0, 0.0, 1.0],
                [1.0, -5.7e-05, 5.4e-05, 0.0, 5.7e-05, 0.048757, -0.998811, 0.375166, 5.4e-05, 0.998811, 0.048757, -0.0, 0.0, 0.0, 0.0, 1.0],
                [1.0, -5.7e-05, 5.4e-05, 0.0, 5.7e-05, 0.048757, -0.998811, 0.375166, 5.4e-05, 0.998811, 0.048757, -0.0, 0.0, 0.0, 0.0, 1.0],
                [1.0, -5.7e-05, 5.4e-05, 0.0, 5.7e-05, 0.048757, -0.998811, 0.375166, 5.4e-05, 0.998811, 0.048757, -0.0, 0.0, 0.0, 0.0, 1.0],
                [1.0, -5.7e-05, 5.4e-05, 0.0, 5.7e-05, 0.048757, -0.998811, 0.375166, 5.4e-05, 0.998811, 0.048757, -0.0, 0.0, 0.0, 0.0, 1.0],
                [1.0, -5.7e-05, 5.4e-05, 0.0, 5.7e-05, 0.048757, -0.998811, 0.375166, 5.4e-05, 0.998811, 0.048757, -0.0, 0.0, 0.0, 0.0, 1.0],
                [1.0, -5.7e-05, 5.4e-05, 0.0, 5.7e-05, 0.048757, -0.998811, 0.375166, 5.4e-05, 0.998811, 0.048757, -0.0, 0.0, 0.0, 0.0, 1.0],
                [1.0, -5.7e-05, 5.4e-05, 0.0, 5.7e-05, 0.048757, -0.998811, 0.375166, 5.4e-05, 0.998811, 0.048757, -0.0, 0.0, 0.0, 0.0, 1.0]
            ]
        },
        {
            "name": "Thigh_L",
            "time": [0.0, 0.0167, 0.0333, 0.05, 0.0667, 0.0833, 0.1, 0.1167, 0.1333, 0.15, 0.1667, 0.1833, 0.2, 0.2167, 0.2333, 0.25, 0.2667, 0.2833, 0.3, 0.3167, 0.3333, 0.35, 0.3667, 0.3833, 0.4, 0.4167, 0.4333, 0.45, 0.4667, 0.4833, 0.5, 0.5167, 0.5333, 0.55, 0.5667, 0.5833, 0.6, 0.6167, 0.6333, 0.65, 0.6667, 0.6833, 0.7, 0.7167, 0.7333, 0.75, 0.7667, 0.7833, 0.8, 0.8167, 0.8333],
            "transform": [
                [0.992349, -0.097092, 0.076277, -0.125006, -0.115999, -0.944759, 0.306553, -0.002831, 0.0423, -0.313056, -0.948797, -1.2e-05, 0.0, 0.0, 0.0, 1.0],
                [0.992349, -0.097092, 0.076277, -0.125006, -0.115999, -0.944759, 0.306553, -0.002831, 0.0423, -0.313056, -0.948797, -1.2e-05, 0.0, 0.0, 0.0, 1.0],
                [0.992349, -0.097092, 0.076277, -0.125006, -0.115999, -0.944759, 0.306553, -0.002831, 0.0423, -0.313056, -0.948797, -1.2e-05, 0.0, 0.0, 0.0, 1.0],
                [0.992349, -0.097092, 0.076277, -0.125006, -0.115999, -0.944759, 0.306553, -0.002831, 0.0423, -0.313056, -0.948797, -1.2e-05, 0.0, 0.0, 0.0, 1.0],
                [0.992349, -0.097092, 0.076277, -0.125006, -0.115999, -0.944759, 0.306553, -0.002831, 0.0423, -0.313056, -0.948797, -1.2e-05, 0.0, 0.0, 0.0, 1.0],
                [0.992349, -0.097092, 0.076277, -0.125006, -0.115999, -0.944759, 0.306553, -0.002831, 0.0423, -0.313056, -0.948797, -1.2e-05, 0.0, 0.0, 0.0, 1.0],
                [0.992349, -0.097092, 0.076277, -0.125006, -0.115999, -0.944759, 0.306553, -0.002831, 0.0423, -0.313056, -0.948797, -1.2e-05, 0.0, 0.0, 0.0, 1.0],
                [0.992349, -0.097092, 0.076277, -0.125006, -0.115999, -0.944759, 0.306553, -0.002831, 0.0423, -0.313056, -0.948797, -1.2e-05, 0.0, 0.0, 0.0, 1.0],
                [0.992349, -0.097092, 0.076277, -0.125006, -0.115999, -0.944759, 0.306553, -0.002831, 0.0423, -0.313056, -0.948797, -1.2e-05, 0.0, 0.0, 0.0, 1.0],
                [0.992349, -0.097092, 0.076277, -0.125006, -0.115999, -0.944759, 0.306553, -0.002831, 0.0423, -0.313056, -0.948797, -1.2e-05, 0.0, 0.0, 0.0, 1.0],
                [0.992349, -0.097092, 0.076277, -0.125006, -0.115999, -0.944759, 0.306553, -0.002831, 0.0423, -0.313056, -0.948797, -1.2e-05, 0.0, 0.0, 0.0, 1.0],
                [0.992349, -0.097092, 0.076277, -0.125006, -0.115999, -0.944759, 0.306553, -0.002831, 0.0423, -0.313056, -0.948797, -1.2e-05, 0.0, 0.0, 0.0, 1.0],
                [0.992349, -0.097092, 0.076277, -0.125006, -0.115999, -0.944759, 0.306553, -0.002831, 0.0423, -0.313056, -0.948797, -1.2e-05, 0.0, 0.0, 0.0, 1.0],
                [0.992349, -0.097092, 0.076277, -0.125006, -0.115999, -0.944759, 0.306553, -0.002831, 0.0423, -0.313056, -0.948797, -1.2e-05, 0.0, 0.0, 0.0, 1.0],
                [0.992349, -0.097092, 0.076277, -0.125006, -0.115999, -0.944759, 0.306553, -0.002831, 0.0423, -0.313056, -0.948797, -1.2e-05, 0.0, 0.0, 0.0, 1.0],
                [0.992349, -0.097092, 0.076277, -0.125006, -0.115999, -0.944759, 0.306553, -0.002831, 0.0423, -0.313056, -0.948797, -1.2e-05, 0.0, 0.0, 0.0, 1.0],
                [0.992349, -0.097092, 0.076277, -0.125006, -0.115999, -0.944759, 0.306553, -0.002831, 0.0423, -0.313056, -0.948797, -1.2e-05, 0.0, 0.0, 0.0, 1.0],
                [0.992349, -0.097092, 0.076277, -0.125006, -0.115999, -0.944759, 0.306553, -0.002831, 0.0423, -0.313056, -0.948797, -1.2e-05, 0.0, 0.0, 0.0, 1.0],
                [0.992349, -0.097092, 0.076277, -0.125006, -0.115999, -0.944759, 0.306553, -0.002831, 0.0423, -0.313056, -0.948797, -1.2e-05, 0.0, 0.0, 0.0, 1.0],
                [0.992349, -0.097092, 0.076277, -0.125006, -0.115999, -0.944759, 0.306553, -0.002831, 0.0423, -0.313056, -0.948797, -1.2e-05, 0.0, 0.0, 0.0, 1.0],
                [0.992349, -0.097092, 0.076277, -0.125006, -0.115999, -0.944759, 0.306553, -0.002831, 0.0423, -0.313056, -0.948797, -1.2e-05, 0.0, 0.0, 0.0, 1.0],
                [0.988977, -0.112836, 0.09588, -0.125006, -0.139675, -0.925853, 0.351124, -0.002831, 0.049151, -0.360645, -0.931412, -1.2e-05, 0.0, 0.0, 0.0, 1.0],
                [0.980198, -0.146213, 0.133543, -0.125006, -0.188256, -0.89722, 0.399444, -0.002831, 0.061414, -0.416675, -0.906983, -1.2e-05, 0.0, 0.0, 0.0, 1.0],
                [0.966269, -0.189152, 0.174773, -0.125006, -0.246943, -0.87313, 0.420313, -0.002831, 0.073096, -0.449296, -0.890393, -1.2e-05, 0.0, 0.0, 0.0, 1.0],
                [0.947532, -0.239018, 0.212258, -0.125006, -0.309009, -0.854865, 0.416796, -0.002831, 0.08183, -0.460518, -0.883875, -1.2e-05, 0.0, 0.0, 0.0, 1.0],
                [0.924958, -0.293454, 0.241531, -0.125006, -0.370011, -0.840497, 0.3958, -0.002831, 0.086857, -0.455468, -0.886009, -1.2e-05, 0.0, 0.0, 0.0, 1.0],
                [0.90021, -0.348847, 0.260628, -0.125006, -0.426391, -0.827637, 0.364976, -0.002831, 0.088385, -0.439686, -0.893797, -1.2e-05, 0.0, 0.0, 0.0, 1.0],
                [0.875619, -0.40058, 0.269864, -0.125006, -0.475053, -0.815198, 0.331327, -0.002831, 0.087269, -0.418318, -0.904103, -1.2e-05, 0.0, 0.0, 0.0, 1.0],
                [0.854067, -0.443513, 0.271783, -0.125006, -0.513207, -0.803635, 0.301312, -0.002831, 0.084779, -0.396823, -0.913976, -1.2e-05, 0.0, 0.0, 0.0, 1.0],
                [0.838778, -0.472677, 0.270237, -0.125006, -0.538209, -0.794867, 0.28021, -0.002831, 0.082353, -0.380479, -0.92112, -1.2e-05, 0.0, 0.0, 0.0, 1.0],
                [0.833008, -0.483412, 0.269093, -0.125006, -0.547253, -0.791423, 0.272332, -0.002831, 0.081317, -0.374119, -0.923813, -1.2e-05, 0.0, 0.0, 0.0, 1.0],
                [0.833008, -0.483412, 0.269093, -0.125006, -0.547253, -0.791423, 0.272332, -0.002831, 0.081317, -0.374119, -0.923813, -1.2e-05, 0.0, 0.0, 0.0, 1.0],
                [0.833008, -0.483412, 0.269093, -0.125006, -0.547253, -0.791423, 0.272332, -0.002831, 0.081317, -0.374119, -0.923813, -1.2e-05, 0.0, 0.0, 0.0, 1.0],
                [0.833008, -0.483412, 0.269093, -0.125006, -0.547253, -0.791423, 0.272332, -0.002831, 0.081317, -0.374119, -0.923813, -1.2e-05, 0.0, 0.0, 0.0, 1.0],
                [0.833008, -0.483412, 0.269093, -0.125006, -0.547253, -0.791423, 0.272332, -0.002831, 0.081317, -0.374119, -0.923813, -1.2e-05, 0.0, 0.0, 0.0, 1.0],
                [0.833008, -0.483412, 0.269093, -0.125006, -0.547253, -0.791423, 0.272332, -0.002831, 0.081317, -0.374119, -0.923813, -1.2e-05, 0.0, 0.0, 0.0, 1.0],
                [0.833008, -0.483412, 0.269093, -0.125006, -0.547253, -0.791423, 0.272332, -0.002831, 0.081317, -0.374119, -0.923813, -1.2e-05, 0.0, 0.0, 0.0, 1.0],
                [0.833008, -0.483412, 0.269093, -0.125006, -0.547253, -0.791423, 0.272332, -0.002831, 0.081317, -0.374119, -0.923813, -1.2e-05, 0.0, 0.0, 0.0, 1.0],
                [0.833008, -0.483412, 0.269093, -0.125006, -0.547253, -0.791423, 0.272332, -0.002831, 0.081317, -0.374119, -0.923813, -1.2e-05, 0.0, 0.0, 0.0, 1.0],
                [0.833008, -0.483412, 0.269093, -0.125006, -0.547253, -0.791423, 0.272332, -0.002831, 0.081317, -0.374119, -0.923813, -1.2e-05, 0.0, 0.0, 0.0, 1.0],
                [0.833008, -0.483412, 0.269093, -0.125006, -0.547253, -0.791423, 0.272332, -0.002831, 0.081317, -0.374119, -0.923813, -1.2e-05, 0.0, 0.0, 0.0, 1.0],
                [0.833008, -0.483412, 0.269093, -0.125006, -0.547253, -0.791423, 0.272332, -0.002831, 0.081317, -0.374119, -0.923813, -1.2e-05, 0.0, 0.0, 0.0, 1.0],
                [0.833008, -0.483412, 0.269093, -0.125006, -0.547253, -0.791423, 0.272332, -0.002831, 0.081317, -0.374119, -0.923813, -1.2e-05, 0.0, 0.0, 0.0, 1.0],
                [0.833008, -0.483412, 0.269093, -0.125006, -0.547253, -0.791423, 0.272332, -0.002831, 0.081317, -0.374119, -0.923813, -1.2e-05, 0.0, 0.0, 0.0, 1.0],
                [0.833008, -0.483412, 0.269093, -0.125006, -0.547253, -0.791423, 0.272332, -0.002831, 0.081317, -0.374119, -0.923813, -1.2e-05, 0.0, 0.0, 0.0, 1.0],
                [0.833008, -0.483412, 0.269093, -0.125006, -0.547253, -0.791423, 0.272332, -0.002831, 0.081317, -0.374119, -0.923813, -1.2e-05, 0.0, 0.0, 0.0, 1.0],
