{
    "animation": [
        {
            "name": "Root",
            "time": [0.0, 0.0167, 0.0333, 0.05, 0.0667, 0.0833, 0.1, 0.1167, 0.1333, 0.15, 0.1667, 0.1833, 0.2, 0.2167, 0.2333, 0.25, 0.2667, 0.2833, 0.3, 0.3167, 0.3333, 0.35, 0.3667, 0.3833, 0.4, 0.4167, 0.4333, 0.45, 0.4667, 0.4833, 0.5, 0.5167, 0.5333, 0.55, 0.5667, 0.5833, 0.6, 0.6167, 0.6333, 0.65, 0.6667],
            "transform": [
                [0.839125, 0.0, 0.543938, -5e-06, 0.543938, 0.0, -0.839125, 0.000946, 0.0, 1.0, 0.0, 0.532213, 0.0, 0.0, 0.0, 1.0],
                [0.848286, 0.0, 0.529538, 5.7e-05, 0.529538, 0.0, -0.848286, 0.006859, 0.0, 1.0, 0.0, 0.532213, 0.0, 0.0, 0.0, 1.0],
                [0.874956, 0.0, 0.484202, 0.000244, 0.484202, 0.0, -0.874956, 0.024731, 0.0, 1.0, 0.0, 0.532213, 0.0, 0.0, 0.0, 1.0],
                [0.915285, 0.0, 0.402807, 0.000554, 0.402807, 0.0, -0.915285, 0.05447, 0.0, 1.0, 0.0, 0.532213, 0.0, 0.0, 0.0, 1.0],
                [0.960309, 0.0, 0.278939, 0.000982, 0.278939, 0.0, -0.960309, 0.095456, 0.0, 1.0, 0.0, 0.532213, 0.0, 0.0, 0.0, 1.0],
                [0.994091, 0.0, 0.108549, 0.001514, 0.108549, 0.0, -0.994091, 0.146396, 0.0, 1.0, 0.0, 0.532213, 0.0, 0.0, 0.0, 1.0],
                [0.994623, 0.0, -0.103566, 0.002129, -0.103566, 0.0, -0.994623, 0.20523, 0.0, 1.0, 0.0, 0.532213, 0.0, 0.0, 0.0, 1.0],
                [0.941291, 0.0, -0.337598, 0.002797, -0.337598, 0.0, -0.941291, 0.269166, 0.0, 1.0, 0.0, 0.532213, 0.0, 0.0, 0.0, 1.0],
                [0.827933, 0.0, -0.560828, 0.003483, -0.560828, 0.0, -0.827933, 0.334869, 0.0, 1.0, 0.0, 0.532213, 0.0, 0.0, 0.0, 1.0],
                [0.670439, 0.0, -0.741965, 0.004151, -0.741965, 0.0, -0.670439, 0.398805, 0.0, 1.0, 0.0, 0.532213, 0.0, 0.0, 0.0, 1.0],
                [0.498861, 0.0, -0.866682, 0.004765, -0.866682, 0.0, -0.498861, 0.45764, 0.0, 1.0, 0.0, 0.532213, 0.0, 0.0, 0.0, 1.0],
                [0.341355, 0.0, -0.939934, 0.005297, -0.939934, 0.0, -0.341355, 0.508579, 0.0, 1.0, 0.0, 0.532213, 0.0, 0.0, 0.0, 1.0],
                [0.21478, 0.0, -0.976663, 0.005725, -0.976663, 0.0, -0.21478, 0.549565, 0.0, 1.0, 0.0, 0.532213, 0.0, 0.0, 0.0, 1.0],
                [0.125267, 0.0, -0.992123, 0.006036, -0.992123, 0.0, -0.125267, 0.579304, 0.0, 1.0, 0.0, 0.532213, 0.0, 0.0, 0.0, 1.0],
                [0.072927, 0.0, -0.997337, 0.006222, -0.997337, 0.0, -0.072927, 0.597177, 0.0, 1.0, 0.0, 0.532213, 0.0, 0.0, 0.0, 1.0],
                [0.055895, 0.0, -0.998437, 0.006284, -0.998437, 0.0, -0.055895, 0.603089, 0.0, 1.0, 0.0, 0.532213, 0.0, 0.0, 0.0, 1.0],
                [0.055895, 0.0, -0.998437, 0.006284, -0.998437, 0.0, -0.055895, 0.603089, 0.0, 1.0, 0.0, 0.532213, 0.0, 0.0, 0.0, 1.0],
                [0.055895, 0.0, -0.998437, 0.006284, -0.998437, 0.0, -0.055895, 0.603089, 0.0, 1.0, 0.0, 0.532213, 0.0, 0.0, 0.0, 1.0],
                [0.055895, 0.0, -0.998437, 0.006284, -0.998437, 0.0, -0.055895, 0.603089, 0.0, 1.0, 0.0, 0.532213, 0.0, 0.0, 0.0, 1.0],
                [0.055895, 0.0, -0.998437, 0.006284, -0.998437, 0.0, -0.055895, 0.603089, 0.0, 1.0, 0.0, 0.532213, 0.0, 0.0, 0.0, 1.0],
                [0.055895, 0.0, -0.998437, 0.006284, -0.998437, 0.0, -0.055895, 0.603089, 0.0, 1.0, 0.0, 0.532213, 0.0, 0.0, 0.0, 1.0],
                [0.055895, 0.0, -0.998437, 0.006284, -0.998437, 0.0, -0.055895, 0.603089, 0.0, 1.0, 0.0, 0.532213, 0.0, 0.0, 0.0, 1.0],
                [0.055895, 0.0, -0.998437, 0.006284, -0.998437, 0.0, -0.055895, 0.603089, 0.0, 1.0, 0.0, 0.532213, 0.0, 0.0, 0.0, 1.0],
                [0.055895, 0.0, -0.998437, 0.006284, -0.998437, 0.0, -0.055895, 0.603089, 0.0, 1.0, 0.0, 0.532213, 0.0, 0.0, 0.0, 1.0],
                [0.055895, 0.0, -0.998437, 0.006284, -0.998437, 0.0, -0.055895, 0.603089, 0.0, 1.0, 0.0, 0.532213, 0.0, 0.0, 0.0, 1.0],
                [0.055895, 0.0, -0.998437, 0.006284, -0.998437, 0.0, -0.055895, 0.603089, 0.0, 1.0, 0.0, 0.532213, 0.0, 0.0, 0.0, 1.0],
                [0.055895, 0.0, -0.998437, 0.006284, -0.998437, 0.0, -0.055895, 0.603089, 0.0, 1.0, 0.0, 0.532213, 0.0, 0.0, 0.0, 1.0],
                [0.055895, 0.0, -0.998437, 0.006284, -0.998437, 0.0, -0.055895, 0.603089, 0.0, 1.0, 0.0, 0.532213, 0.0, 0.0, 0.0, 1.0],
                [0.055895, 0.0, -0.998437, 0.006284, -0.998437, 0.0, -0.055895, 0.603089, 0.0, 1.0, 0.0, 0.532213, 0.0, 0.0, 0.0, 1.0],
                [0.055895, 0.0, -0.998437, 0.006284, -0.998437, 0.0, -0.055895, 0.603089, 0.0, 1.0, 0.0, 0.532213, 0.0, 0.0, 0.0, 1.0],
                [0.055895, 0.0, -0.998437, 0.006284, -0.998437, 0.0, -0.055895, 0.603089, 0.0, 1.0, 0.0, 0.532213, 0.0, 0.0, 0.0, 1.0],
                [0.055895, 0.0, -0.998437, 0.006284, -0.998437, 0.0, -0.055895, 0.603089, 0.0, 1.0, 0.0, 0.532213, 0.0, 0.0, 0.0, 1.0],
                [0.055895, 0.0, -0.998437, 0.006284, -0.998437, 0.0, -0.055895, 0.603089, 0.0, 1.0, 0.0, 0.532213, 0.0, 0.0, 0.0, 1.0],
                [0.055895, 0.0, -0.998437, 0.006284, -0.998437, 0.0, -0.055895, 0.603089, 0.0, 1.0, 0.0, 0.532213, 0.0, 0.0, 0.0, 1.0],
                [0.055895, 0.0, -0.998437, 0.006284, -0.998437, 0.0, -0.055895, 0.603089, 0.0, 1.0, 0.0, 0.532213, 0.0, 0.0, 0.0, 1.0],
                [0.055895, 0.0, -0.998437, 0.006284, -0.998437, 0.0, -0.055895, 0.603089, 0.0, 1.0, 0.0, 0.532213, 0.0, 0.0, 0.0, 1.0],
                [0.055895, 0.0, -0.998437, 0.006284, -0.998437, 0.0, -0.055895, 0.603089, 0.0, 1.0, 0.0, 0.532213, 0.0, 0.0, 0.0, 1.0],
                [0.055895, 0.0, -0.998437, 0.006284, -0.998437, 0.0, -0.055895, 0.603089, 0.0, 1.0, 0.0, 0.532213, 0.0, 0.0, 0.0, 1.0],
                [0.055895, 0.0, -0.998437, 0.006284, -0.998437, 0.0, -0.055895, 0.603089, 0.0, 1.0, 0.0, 0.532213, 0.0, 0.0, 0.0, 1.0],
                [0.055895, 0.0, -0.998437, 0.006284, -0.998437, 0.0, -0.055895, 0.603089, 0.0, 1.0, 0.0, 0.532213, 0.0, 0.0, 0.0, 1.0],
                [0.055895, 0.0, -0.998437, 0.006284, -0.998437, 0.0, -0.055895, 0.603089, 0.0, 1.0, 0.0, 0.532213, 0.0, 0.0, 0.0, 1.0]
            ]
        },
        {
            "name": "Thigh_R",
            "time": [0.0, 0.0167, 0.0333, 0.05, 0.0667, 0.0833, 0.1, 0.1167, 0.1333, 0.15, 0.1667, 0.1833, 0.2, 0.2167, 0.2333, 0.25, 0.2667, 0.2833, 0.3, 0.3167, 0.3333, 0.35, 0.3667, 0.3833, 0.4, 0.4167, 0.4333, 0.45, 0.4667, 0.4833, 0.5, 0.5167, 0.5333, 0.55, 0.5667, 0.5833, 0.6, 0.6167, 0.6333, 0.65, 0.6667],
            "transform": [
                [0.861344, 0.498018, 0.100331, 0.124994, 0.118792, -0.389457, 0.913354, -0.002831, 0.493939, -0.774792, -0.39462, -1.2e-05, 0.0, 0.0, 0.0, 1.0],
                [0.861344, 0.498018, 0.100331, 0.124994, 0.118792, -0.389457, 0.913354, -0.002831, 0.493939, -0.774793, -0.39462, -1.2e-05, 0.0, 0.0, 0.0, 1.0],
                [0.861344, 0.498018, 0.10033, 0.124994, 0.118792, -0.389457, 0.913354, -0.002831, 0.493939, -0.774793, -0.39462, -1.2e-05, 0.0, 0.0, 0.0, 1.0],
                [0.861344, 0.498018, 0.100331, 0.124994, 0.118792, -0.389457, 0.913354, -0.002831, 0.493939, -0.774793, -0.39462, -1.2e-05, 0.0, 0.0, 0.0, 1.0],
                [0.861344, 0.498018, 0.10033, 0.124994, 0.118792, -0.389457, 0.913354, -0.002831, 0.493939, -0.774793, -0.39462, -1.2e-05, 0.0, 0.0, 0.0, 1.0],
                [0.861344, 0.498018, 0.10033, 0.124994, 0.118792, -0.389457, 0.913354, -0.002831, 0.493939, -0.774793, -0.39462, -1.2e-05, 0.0, 0.0, 0.0, 1.0],
                [0.861344, 0.498018, 0.10033, 0.124994, 0.118792, -0.389457, 0.913354, -0.002831, 0.493939, -0.774792, -0.39462, -1.2e-05, 0.0, 0.0, 0.0, 1.0],
                [0.861344, 0.498017, 0.10033, 0.124994, 0.118792, -0.389457, 0.913354, -0.002831, 0.493939, -0.774792, -0.39462, -1.2e-05, 0.0, 0.0, 0.0, 1.0],
                [0.861344, 0.498018, 0.100331, 0.124994, 0.118792, -0.389457, 0.913354, -0.002831, 0.493939, -0.774793, -0.39462, -1.2e-05, 0.0, 0.0, 0.0, 1.0],
                [0.861344, 0.498018, 0.10033, 0.124994, 0.118792, -0.389457, 0.913354, -0.002831, 0.493939, -0.774793, -0.39462, -1.2e-05, 0.0, 0.0, 0.0, 1.0],
                [0.861344, 0.498018, 0.10033, 0.124994, 0.118792, -0.389457, 0.913354, -0.002831, 0.493939, -0.774792, -0.39462, -1.2e-05, 0.0, 0.0, 0.0, 1.0],
                [0.861344, 0.498018, 0.10033, 0.124994, 0.118792, -0.389457, 0.913354, -0.002831, 0.493939, -0.774793, -0.39462, -1.2e-05, 0.0, 0.0, 0.0, 1.0],
                [0.861344, 0.498018, 0.10033, 0.124994, 0.118792, -0.389457, 0.913354, -0.002831, 0.493939, -0.774792, -0.39462, -1.2e-05, 0.0, 0.0, 0.0, 1.0],
                [0.861344, 0.498018, 0.10033, 0.124994, 0.118792, -0.389457, 0.913354, -0.002831, 0.493939, -0.774792, -0.39462, -1.2e-05, 0.0, 0.0, 0.0, 1.0],
                [0.861344, 0.498018, 0.100331, 0.124994, 0.118792, -0.389457, 0.913354, -0.002831, 0.493939, -0.774793, -0.39462, -1.2e-05, 0.0, 0.0, 0.0, 1.0],
                [0.861344, 0.498018, 0.10033, 0.124994, 0.118792, -0.389457, 0.913354, -0.002831, 0.493939, -0.774792, -0.39462, -1.2e-05, 0.0, 0.0, 0.0, 1.0],
                [0.861344, 0.498018, 0.10033, 0.124994, 0.118792, -0.389457, 0.913354, -0.002831, 0.493939, -0.774792, -0.39462, -1.2e-05, 0.0, 0.0, 0.0, 1.0],
                [0.861344, 0.498018, 0.10033, 0.124994, 0.118792, -0.389457, 0.913354, -0.002831, 0.493939, -0.774792, -0.39462, -1.2e-05, 0.0, 0.0, 0.0, 1.0],
                [0.861344, 0.498018, 0.10033, 0.124994, 0.118792, -0.389457, 0.913354, -0.002831, 0.493939, -0.774792, -0.39462, -1.2e-05, 0.0, 0.0, 0.0, 1.0],
                [0.861344, 0.498018, 0.10033, 0.124994, 0.118792, -0.389457, 0.913354, -0.002831, 0.493939, -0.774792, -0.39462, -1.2e-05, 0.0, 0.0, 0.0, 1.0],
                [0.861344, 0.498018, 0.10033, 0.124994, 0.118792, -0.389457, 0.913354, -0.002831, 0.493939, -0.774792, -0.39462, -1.2e-05, 0.0, 0.0, 0.0, 1.0],
                [0.861344, 0.498018, 0.10033, 0.124994, 0.118792, -0.389457, 0.913354, -0.002831, 0.493939, -0.774792, -0.39462, -1.2e-05, 0.0, 0.0, 0.0, 1.0],
                [0.861344, 0.498018, 0.10033, 0.124994, 0.118792, -0.389457, 0.913354, -0.002831, 0.493939, -0.774792, -0.39462, -1.2e-05, 0.0, 0.0, 0.0, 1.0],
                [0.861344, 0.498018, 0.10033, 0.124994, 0.118792, -0.389457, 0.913354, -0.002831, 0.493939, -0.774792, -0.39462, -1.2e-05, 0.0, 0.0, 0.0, 1.0],
                [0.861344, 0.498018, 0.10033, 0.124994, 0.118792, -0.389457, 0.913354, -0.002831, 0.493939, -0.774792, -0.39462, -1.2e-05, 0.0, 0.0, 0.0, 1.0],
                [0.861344, 0.498018, 0.10033, 0.124994, 0.118792, -0.389457, 0.913354, -0.002831, 0.493939, -0.774792, -0.39462, -1.2e-05, 0.0, 0.0, 0.0, 1.0],
                [0.861344, 0.498018, 0.10033, 0.124994, 0.118792, -0.389457, 0.913354, -0.002831, 0.493939, -0.774792, -0.39462, -1.2e-05, 0.0, 0.0, 0.0, 1.0],
                [0.861344, 0.498018, 0.10033, 0.124994, 0.118792, -0.389457, 0.913354, -0.002831, 0.493939, -0.774792, -0.39462, -1.2e-05, 0.0, 0.0, 0.0, 1.0],
                [0.861344, 0.498018, 0.10033, 0.124994, 0.118792, -0.389457, 0.913354, -0.002831, 0.493939, -0.774792, -0.39462, -1.2e-05, 0.0, 0.0, 0.0, 1.0],
                [0.861344, 0.498018, 0.10033, 0.124994, 0.118792, -0.389457, 0.913354, -0.002831, 0.493939, -0.774792, -0.39462, -1.2e-05, 0.0, 0.0, 0.0, 1.0],
                [0.861344, 0.498018, 0.10033, 0.124994, 0.118792, -0.389457, 0.913354, -0.002831, 0.493939, -0.774792, -0.39462, -1.2e-05, 0.0, 0.0, 0.0, 1.0],
                [0.861344, 0.498018, 0.10033, 0.124994, 0.118792, -0.389457, 0.913354, -0.002831, 0.493939, -0.774792, -0.39462, -1.2e-05, 0.0, 0.0, 0.0, 1.0],
                [0.861344, 0.498018, 0.10033, 0.124994, 0.118792, -0.389457, 0.913354, -0.002831, 0.493939, -0.774792, -0.39462, -1.2e-05, 0.0, 0.0, 0.0, 1.0],
                [0.861344, 0.498018, 0.10033, 0.124994, 0.118792, -0.389457, 0.913354, -0.002831, 0.493939, -0.774792, -0.39462, -1.2e-05, 0.0, 0.0, 0.0, 1.0],
                [0.861344, 0.498018, 0.10033, 0.124994, 0.118792, -0.389457, 0.913354, -0.002831, 0.493939, -0.774792, -0.39462, -1.2e-05, 0.0, 0.0, 0.0, 1.0],
                [0.861344, 0.498018, 0.10033, 0.124994, 0.118792, -0.389457, 0.913354, -0.002831, 0.493939, -0.774792, -0.39462, -1.2e-05, 0.0, 0.0, 0.0, 1.0],
                [0.861344, 0.498018, 0.10033, 0.124994, 0.118792, -0.389457, 0.913354, -0.002831, 0.493939, -0.774792, -0.39462, -1.2e-05, 0.0, 0.0, 0.0, 1.0],
                [0.861344, 0.498018, 0.10033, 0.124994, 0.118792, -0.389457, 0.913354, -0.002831, 0.493939, -0.774792, -0.39462, -1.2e-05, 0.0, 0.0, 0.0, 1.0],
                [0.861344, 0.498018, 0.10033, 0.124994, 0.118792, -0.389457, 0.913354, -0.002831, 0.493939, -0.774792, -0.39462, -1.2e-05, 0.0, 0.0, 0.0, 1.0],
                [0.861344, 0.498018, 0.10033, 0.124994, 0.118792, -0.389457, 0.913354, -0.002831, 0.493939, -0.774792, -0.39462, -1.2e-05, 0.0, 0.0, 0.0, 1.0],
                [0.861344, 0.498018, 0.10033, 0.124994, 0.118792, -0.389457, 0.913354, -0.002831, 0.493939, -0.774792, -0.39462, -1.2e-05, 0.0, 0.0, 0.0, 1.0]
            ]
        },
        {
            "name": "Leg_R",
            "time": [0.0, 0.0167, 0.0333, 0.05, 0.0667, 0.0833, 0.1, 0.1167, 0.1333, 0.15, 0.1667, 0.1833, 0.2, 0.2167, 0.2333, 0.25, 0.2667, 0.2833, 0.3, 0.3167, 0.3333, 0.35, 0.3667, 0.3833, 0.4, 0.4167, 0.4333, 0.45, 0.4667, 0.4833, 0.5, 0.5167, 0.5333, 0.55, 0.5667, 0.5833, 0.6, 0.6167, 0.6333, 0.65, 0.6667],
            "transform": [
                [0.999999, -0.001058, -0.00087, -0.0, 0.001166, 0.324977, 0.945723, 0.375166, -0.000718, -0.945719, 0.324977, -0.0, 0.0, 0.0, 0.0, 1.0],
                [0.999999, -0.001057, -0.00087, 0.0, 0.001166, 0.324977, 0.945723, 0.375166, -0.000718, -0.945719, 0.324976, -0.0, 0.0, 0.0, 0.0, 1.0],
                [0.999999, -0.001058, -0.00087, 0.0, 0.001166, 0.324977, 0.945723, 0.375166, -0.000717, -0.945719, 0.324976, 0.0, 0.0, 0.0, 0.0, 1.0],
                [0.999999, -0.001058, -0.00087, 0.0, 0.001166, 0.324977, 0.945723, 0.375166, -0.000718, -0.945719, 0.324977, -0.0, 0.0, 0.0, 0.0, 1.0],
                [0.999999, -0.001058, -0.00087, -0.0, 0.001166, 0.324977, 0.945723, 0.375166, -0.000717, -0.945719, 0.324976, 0.0, 0.0, 0.0, 0.0, 1.0],
                [0.999999, -0.001058, -0.00087, -0.0, 0.001166, 0.324977, 0.945723, 0.375166, -0.000717, -0.94572, 0.324977, 0.0, 0.0, 0.0, 0.0, 1.0],
                [0.999999, -0.001058, -0.00087, -0.0, 0.001166, 0.324977, 0.945724, 0.375166, -0.000717, -0.94572, 0.324976, -0.0, 0.0, 0.0, 0.0, 1.0],
                [0.999999, -0.001057, -0.00087, 0.0, 0.001166, 0.324977, 0.945724, 0.375166, -0.000718, -0.94572, 0.324976, 0.0, 0.0, 0.0, 0.0, 1.0],
                [0.999999, -0.001058, -0.00087, 0.0, 0.001166, 0.324977, 0.945723, 0.375166, -0.000718, -0.945719, 0.324976, 0.0, 0.0, 0.0, 0.0, 1.0],
                [1.0, -0.001058, -0.00087, 0.0, 0.001166, 0.324977, 0.945724, 0.375166, -0.000717, -0.945719, 0.324977, -0.0, 0.0, 0.0, 0.0, 1.0],
                [0.999999, -0.001058, -0.00087, -0.0, 0.001166, 0.324977, 0.945723, 0.375166, -0.000717, -0.945719, 0.324976, 0.0, 0.0, 0.0, 0.0, 1.0],
                [0.999999, -0.001058, -0.00087, -0.0, 0.001166, 0.324977, 0.945723, 0.375166, -0.000718, -0.945719, 0.324976, -0.0, 0.0, 0.0, 0.0, 1.0],
                [0.999999, -0.001058, -0.00087, 0.0, 0.001166, 0.324977, 0.945724, 0.375166, -0.000718, -0.94572, 0.324977, -0.0, 0.0, 0.0, 0.0, 1.0],
                [0.999999, -0.001058, -0.00087, 0.0, 0.001166, 0.324977, 0.945724, 0.375166, -0.000717, -0.94572, 0.324976, -0.0, 0.0, 0.0, 0.0, 1.0],
                [0.999999, -0.001058, -0.00087, 0.0, 0.001166, 0.324977, 0.945723, 0.375166, -0.000717, -0.945719, 0.324976, 0.0, 0.0, 0.0, 0.0, 1.0],
                [0.999999, -0.001058, -0.00087, -0.0, 0.001166, 0.324977, 0.945723, 0.375166, -0.000717, -0.945719, 0.324976, -0.0, 0.0, 0.0, 0.0, 1.0],
                [0.999999, -0.001058, -0.00087, -0.0, 0.001166, 0.324977, 0.945723, 0.375166, -0.000717, -0.945719, 0.324976, -0.0, 0.0, 0.0, 0.0, 1.0],
                [0.999999, -0.001058, -0.00087, -0.0, 0.001166, 0.324977, 0.945723, 0.375166, -0.000717, -0.945719, 0.324976, -0.0, 0.0, 0.0, 0.0, 1.0],
                [0.999999, -0.001058, -0.00087, -0.0, 0.001166, 0.324977, 0.945723, 0.375166, -0.000717, -0.945719, 0.324976, -0.0, 0.0, 0.0, 0.0, 1.0],
                [0.999999, -0.001058, -0.00087, -0.0, 0.001166, 0.324977, 0.945723, 0.375166, -0.000717, -0.945719, 0.324976, -0.0, 0.0, 0.0, 0.0, 1.0],
                [0.999999, -0.001058, -0.00087, -0.0, 0.001166, 0.324977, 0.945723, 0.375166, -0.000717, -0.945719, 0.324976, -0.0, 0.0, 0.0, 0.0, 1.0],
                [0.999999, -0.001058, -0.00087, -0.0, 0.001166, 0.324977, 0.945723, 0.375166, -0.000717, -0.945719, 0.324976, -0.0, 0.0, 0.0, 0.0, 1.0],
                [0.999999, -0.001058, -0.00087, -0.0, 0.001166, 0.324977, 0.945723, 0.375166, -0.000717, -0.945719, 0.324976, -0.0, 0.0, 0.0, 0.0, 1.0],
                [0.999999, -0.001058, -0.00087, -0.0, 0.001166, 0.324977, 0.945723, 0.375166, -0.000717, -0.945719, 0.324976, -0.0, 0.0, 0.0, 0.0, 1.0],
                [0.999999, -0.001058, -0.00087, -0.0, 0.001166, 0.324977, 0.945723, 0.375166, -0.000717, -0.945719, 0.324976, -0.0, 0.0, 0.0, 0.0, 1.0],
                [0.999999, -0.001058, -0.00087, -0.0, 0.001166, 0.324977, 0.945723, 0.375166, -0.000717, -0.945719, 0.324976, -0.0, 0.0, 0.0, 0.0, 1.0],
                [0.999999, -0.001058, -0.00087, -0.0, 0.001166, 0.324977, 0.945723, 0.375166, -0.000717, -0.945719, 0.324976, -0.0, 0.0, 0.0, 0.0, 1.0],
                [0.999999, -0.001058, -0.00087, -0.0, 0.001166, 0.324977, 0.945723, 0.375166, -0.000717, -0.945719, 0.324976, -0.0, 0.0, 0.0, 0.0, 1.0],
                [0.999999, -0.001058, -0.00087, -0.0, 0.001166, 0.324977, 0.945723, 0.375166, -0.000717, -0.945719, 0.324976, -0.0, 0.0, 0.0, 0.0, 1.0],
                [0.999999, -0.001058, -0.00087, -0.0, 0.001166, 0.324977, 0.945723, 0.375166, -0.000717, -0.945719, 0.324976, -0.0, 0.0, 0.0, 0.0, 1.0],
                [0.999999, -0.001058, -0.00087, -0.0, 0.001166, 0.324977, 0.945723, 0.375166, -0.000717, -0.945719, 0.324976, -0.0, 0.0, 0.0, 0.0, 1.0],
                [0.999999, -0.001058, -0.00087, -0.0, 0.001166, 0.324977, 0.945723, 0.375166, -0.000717, -0.945719, 0.324976, -0.0, 0.0, 0.0, 0.0, 1.0],
                [0.999999, -0.001058, -0.00087, -0.0, 0.001166, 0.324977, 0.945723, 0.375166, -0.000717, -0.945719, 0.324976, -0.0, 0.0, 0.0, 0.0, 1.0],
                [0.999999, -0.001058, -0.00087, -0.0, 0.001166, 0.324977, 0.945723, 0.375166, -0.000717, -0.945719, 0.324976, -0.0, 0.0, 0.0, 0.0, 1.0],
                [0.999999, -0.001058, -0.00087, -0.0, 0.001166, 0.324977, 0.945723, 0.375166, -0.000717, -0.945719, 0.324976, -0.0, 0.0, 0.0, 0.0, 1.0],
                [0.999999, -0.001058, -0.00087, -0.0, 0.001166, 0.324977, 0.945723, 0.375166, -0.000717, -0.945719, 0.324976, -0.0, 0.0, 0.0, 0.0, 1.0],
                [0.999999, -0.001058, -0.00087, -0.0, 0.001166, 0.324977, 0.945723, 0.375166, -0.000717, -0.945719, 0.324976, -0.0, 0.0, 0.0, 0.0, 1.0],
                [0.999999, -0.001058, -0.00087, -0.0, 0.001166, 0.324977, 0.945723, 0.375166, -0.000717, -0.945719, 0.324976, -0.0, 0.0, 0.0, 0.0, 1.0],
                [0.999999, -0.001058, -0.00087, -0.0, 0.001166, 0.324977, 0.945723, 0.375166, -0.000717, -0.945719, 0.324976, -0.0, 0.0, 0.0, 0.0, 1.0],
                [0.999999, -0.001058, -0.00087, -0.0, 0.001166, 0.324977, 0.945723, 0.375166, -0.000717, -0.945719, 0.324976, -0.0, 0.0, 0.0, 0.0, 1.0],
                [0.999999, -0.001058, -0.00087, -0.0, 0.001166, 0.324977, 0.945723, 0.375166, -0.000717, -0.945719, 0.324976, -0.0, 0.0, 0.0, 0.0, 1.0]
            ]
        },
        {
            "name": "Knee_R",
            "time": [0.0, 0.0167, 0.0333, 0.05, 0.0667, 0.0833, 0.1, 0.1167, 0.1333, 0.15, 0.1667, 0.1833, 0.2, 0.2167, 0.2333, 0.25, 0.2667, 0.2833, 0.3, 0.3167, 0.3333, 0.35, 0.3667, 0.3833, 0.4, 0.4167, 0.4333, 0.45, 0.4667, 0.4833, 0.5, 0.5167, 0.5333, 0.55, 0.5667, 0.5833, 0.6, 0.6167, 0.6333, 0.65, 0.6667],
            "transform": [
                [1.0, -5.7e-05, 5.4e-05, -0.0, 5.7e-05, 0.048757, -0.998811, 0.375166, 5.4e-05, 0.998811, 0.048757, -0.0, 0.0, 0.0, 0.0, 1.0],
                [1.0, -5.7e-05, 5.4e-05, 0.0, 5.7e-05, 0.048757, -0.998811, 0.375166, 5.4e-05, 0.99881, 0.048757, -0.0, 0.0, 0.0, 0.0, 1.0],
                [1.0, -5.7e-05, 5.4e-05, 0.0, 5.7e-05, 0.048757, -0.99881, 0.375166, 5.4e-05, 0.998811, 0.048757, 0.0, 0.0, 0.0, 0.0, 1.0],
                [1.0, -5.7e-05, 5.4e-05, 0.0, 5.7e-05, 0.048757, -0.99881, 0.375166, 5.4e-05, 0.99881, 0.048757, -0.0, 0.0, 0.0, 0.0, 1.0],
                [1.0, -5.7e-05, 5.4e-05, -0.0, 5.7e-05, 0.048757, -0.998811, 0.375166, 5.4e-05, 0.99881, 0.048757, 0.0, 0.0, 0.0, 0.0, 1.0],
                [1.0, -5.7e-05, 5.4e-05, -0.0, 5.7e-05, 0.048757, -0.998811, 0.375166, 5.4e-05, 0.99881, 0.048757, 0.0, 0.0, 0.0, 0.0, 1.0],
                [1.0, -5.7e-05, 5.4e-05, -0.0, 5.7e-05, 0.048757, -0.998811, 0.375166, 5.4e-05, 0.998811, 0.048757, -0.0, 0.0, 0.0, 0.0, 1.0],
                [1.0, -5.7e-05, 5.4e-05, 0.0, 5.7e-05, 0.048757, -0.998811, 0.375166, 5.4e-05, 0.998811, 0.048757, 0.0, 0.0, 0.0, 0.0, 1.0],
                [1.0, -5.7e-05, 5.4e-05, 0.0, 5.7e-05, 0.048757, -0.998811, 0.375166, 5.4e-05, 0.998811, 0.048757, 0.0, 0.0, 0.0, 0.0, 1.0],
                [1.0, -5.7e-05, 5.4e-05, 0.0, 5.7e-05, 0.048757, -0.998811, 0.375166, 5.4e-05, 0.998811, 0.048757, -0.0, 0.0, 0.0, 0.0, 1.0],
                [1.0, -5.7e-05, 5.4e-05, -0.0, 5.7e-05, 0.048757, -0.998811, 0.375166, 5.4e-05, 0.998811, 0.048757, 0.0, 0.0, 0.0, 0.0, 1.0],
                [1.0, -5.7e-05, 5.4e-05, -0.0, 5.7e-05, 0.048757, -0.99881, 0.375166, 5.4e-05, 0.99881, 0.048757, -0.0, 0.0, 0.0, 0.0, 1.0],
                [1.0, -5.7e-05, 5.4e-05, 0.0, 5.7e-05, 0.048757, -0.99881, 0.375166, 5.4e-05, 0.998811, 0.048757, -0.0, 0.0, 0.0, 0.0, 1.0],
                [1.0, -5.7e-05, 5.4e-05, 0.0, 5.7e-05, 0.048757, -0.998811, 0.375166, 5.4e-05, 0.99881, 0.048757, -0.0, 0.0, 0.0, 0.0, 1.0],
                [1.0, -5.7e-05, 5.4e-05, 0.0, 5.7e-05, 0.048757, -0.998811, 0.375166, 5.4e-05, 0.998811, 0.048757, 0.0, 0.0, 0.0, 0.0, 1.0],
                [1.0, -5.7e-05, 5.4e-05, -0.0, 5.7e-05, 0.048757, -0.998811, 0.375166, 5.4e-05, 0.998811, 0.048757, -0.0, 0.0, 0.0, 0.0, 1.0],
                [1.0, -5.7e-05, 5.4e-05, -0.0, 5.7e-05, 0.048757, -0.998811, 0.375166, 5.4e-05, 0.998811, 0.048757, -0.0, 0.0, 0.0, 0.0, 1.0],
                [1.0, -5.7e-05, 5.4e-05, -0.0, 5.7e-05, 0.048757, -0.998811, 0.375166, 5.4e-05, 0.998811, 0.048757, -0.0, 0.0, 0.0, 0.0, 1.0],
                [1.0, -5.7e-05, 5.4e-05, -0.0, 5.7e-05, 0.048757, -0.998811, 0.375166, 5.4e-05, 0.998811, 0.048757, -0.0, 0.0, 0.0, 0.0, 1.0],
                [1.0, -5.7e-05, 5.4e-05, -0.0, 5.7e-05, 0.048757, -0.998811, 0.375166, 5.4e-05, 0.998811, 0.048757, -0.0, 0.0, 0.0, 0.0, 1.0],
                [1.0, -5.7e-05, 5.4e-05, -0.0, 5.7e-05, 0.048757, -0.998811, 0.375166, 5.4e-05, 0.998811, 0.048757, -0.0, 0.0, 0.0, 0.0, 1.0],
                [1.0, -5.7e-05, 5.4e-05, -0.0, 5.7e-05, 0.048757, -0.998811, 0.375166, 5.4e-05, 0.998811, 0.048757, -0.0, 0.0, 0.0, 0.0, 1.0],
                [1.0, -5.7e-05, 5.4e-05, -0.0, 5.7e-05, 0.048757, -0.998811, 0.375166, 5.4e-05, 0.998811, 0.048757, -0.0, 0.0, 0.0, 0.0, 1.0],
                [1.0, -5.7e-05, 5.4e-05, -0.0, 5.7e-05, 0.048757, -0.998811, 0.375166, 5.4e-05, 0.998811, 0.048757, -0.0, 0.0, 0.0, 0.0, 1.0],
                [1.0, -5.7e-05, 5.4e-05, -0.0, 5.7e-05, 0.048757, -0.998811, 0.375166, 5.4e-05, 0.998811, 0.048757, -0.0, 0.0, 0.0, 0.0, 1.0],
                [1.0, -5.7e-05, 5.4e-05, -0.0, 5.7e-05, 0.048757, -0.998811, 0.375166, 5.4e-05, 0.998811, 0.048757, -0.0, 0.0, 0.0, 0.0, 1.0],
                [1.0, -5.7e-05, 5.4e-05, -0.0, 5.7e-05, 0.048757, -0.998811, 0.375166, 5.4e-05, 0.998811, 0.048757, -0.0, 0.0, 0.0, 0.0, 1.0],
                [1.0, -5.7e-05, 5.4e-05, -0.0, 5.7e-05, 0.048757, -0.998811, 0.375166, 5.4e-05, 0.998811, 0.048757, -0.0, 0.0, 0.0, 0.0, 1.0],
                [1.0, -5.7e-05, 5.4e-05, -0.0, 5.7e-05, 0.048757, -0.998811, 0.375166, 5.4e-05, 0.998811, 0.048757, -0.0, 0.0, 0.0, 0.0, 1.0],
                [1.0, -5.7e-05, 5.4e-05, -0.0, 5.7e-05, 0.048757, -0.998811, 0.375166, 5.4e-05, 0.998811, 0.048757, -0.0, 0.0, 0.0, 0.0, 1.0],
                [1.0, -5.7e-05, 5.4e-05, -0.0, 5.7e-05, 0.048757, -0.998811, 0.375166, 5.4e-05, 0.998811, 0.048757, -0.0, 0.0, 0.0, 0.0, 1.0],
                [1.0, -5.7e-05, 5.4e-05, -0.0, 5.7e-05, 0.048757, -0.998811, 0.375166, 5.4e-05, 0.998811, 0.048757, -0.0, 0.0, 0.0, 0.0, 1.0],
                [1.0, -5.7e-05, 5.4e-05, -0.0, 5.7e-05, 0.048757, -0.998811, 0.375166, 5.4e-05, 0.998811, 0.048757, -0.0, 0.0, 0.0, 0.0, 1.0],
                [1.0, -5.7e-05, 5.4e-05, -0.0, 5.7e-05, 0.048757, -0.998811, 0.375166, 5.4e-05, 0.998811, 0.048757, -0.0, 0.0, 0.0, 0.0, 1.0],
                [1.0, -5.7e-05, 5.4e-05, -0.0, 5.7e-05, 0.048757, -0.998811, 0.375166, 5.4e-05, 0.998811, 0.048757, -0.0, 0.0, 0.0, 0.0, 1.0],
                [1.0, -5.7e-05, 5.4e-05, -0.0, 5.7e-05, 0.048757, -0.998811, 0.375166, 5.4e-05, 0.998811, 0.048757, -0.0, 0.0, 0.0, 0.0, 1.0],
                [1.0, -5.7e-05, 5.4e-05, -0.0, 5.7e-05, 0.048757, -0.998811, 0.375166, 5.4e-05, 0.998811, 0.048757, -0.0, 0.0, 0.0, 0.0, 1.0],
                [1.0, -5.7e-05, 5.4e-05, -0.0, 5.7e-05, 0.048757, -0.998811, 0.375166, 5.4e-05, 0.998811, 0.048757, -0.0, 0.0, 0.0, 0.0, 1.0],
                [1.0, -5.7e-05, 5.4e-05, -0.0, 5.7e-05, 0.048757, -0.998811, 0.375166, 5.4e-05, 0.998811, 0.048757, -0.0, 0.0, 0.0, 0.0, 1.0],
                [1.0, -5.7e-05, 5.4e-05, -0.0, 5.7e-05, 0.048757, -0.998811, 0.375166, 5.4e-05, 0.998811, 0.048757, -0.0, 0.0, 0.0, 0.0, 1.0],
                [1.0, -5.7e-05, 5.4e-05, -0.0, 5.7e-05, 0.048757, -0.998811, 0.375166, 5.4e-05, 0.998811, 0.048757, -0.0, 0.0, 0.0, 0.0, 1.0]
            ]
        },
        {
            "name": "Thigh_L",
            "time": [0.0, 0.0167, 0.0333, 0.05, 0.0667, 0.0833, 0.1, 0.1167, 0.1333, 0.15, 0.1667, 0.1833, 0.2, 0.2167, 0.2333, 0.25, 0.2667, 0.2833, 0.3, 0.3167, 0.3333, 0.35, 0.3667, 0.3833, 0.4, 0.4167, 0.4333, 0.45, 0.4667, 0.4833, 0.5, 0.5167, 0.5333, 0.55, 0.5667, 0.5833, 0.6, 0.6167, 0.6333, 0.65, 0.6667],
            "transform": [
                [0.833008, -0.483412, 0.269093, -0.125006, -0.547253, -0.791423, 0.272332, -0.002831, 0.081317, -0.374119, -0.923813, -1.2e-05, 0.0, 0.0, 0.0, 1.0],
                [0.833008, -0.483412, 0.269094, -0.125006, -0.547253, -0.791423, 0.272333, -0.002831, 0.081317, -0.374119, -0.923813, -1.2e-05, 0.0, 0.0, 0.0, 1.0],
                [0.833008, -0.483412, 0.269094, -0.125006, -0.547253, -0.791422, 0.272333, -0.002831, 0.081317, -0.374119, -0.923813, -1.2e-05, 0.0, 0.0, 0.0, 1.0],
                [0.833008, -0.483412, 0.269093, -0.125006, -0.547253, -0.791423, 0.272333, -0.002831, 0.081317, -0.374119, -0.923813, -1.2e-05, 0.0, 0.0, 0.0, 1.0],
                [0.833008, -0.483412, 0.269093, -0.125006, -0.547253, -0.791423, 0.272333, -0.002831, 0.081317, -0.374119, -0.923813, -1.2e-05, 0.0, 0.0, 0.0, 1.0],
                [0.833008, -0.483412, 0.269093, -0.125006, -0.547253, -0.791423, 0.272333, -0.002831, 0.081317, -0.374119, -0.923813, -1.2e-05, 0.0, 0.0, 0.0, 1.0],
                [0.833008, -0.483412, 0.269094, -0.125006, -0.547253, -0.791423, 0.272333, -0.002831, 0.081317, -0.374119, -0.923813, -1.2e-05, 0.0, 0.0, 0.0, 1.0],
                [0.833008, -0.483412, 0.269093, -0.125006, -0.547253, -0.791423, 0.272333, -0.002831, 0.081317, -0.374119, -0.923813, -1.2e-05, 0.0, 0.0, 0.0, 1.0],
                [0.833008, -0.483412, 0.269094, -0.125006, -0.547253, -0.791423, 0.272333, -0.002831, 0.081317, -0.374119, -0.923813, -1.2e-05, 0.0, 0.0, 0.0, 1.0],
                [0.833008, -0.483412, 0.269093, -0.125006, -0.547253, -0.791423, 0.272333, -0.002831, 0.081317, -0.374119, -0.923813, -1.2e-05, 0.0, 0.0, 0.0, 1.0],
                [0.833008, -0.483412, 0.269094, -0.125006, -0.547253, -0.791423, 0.272333, -0.002831, 0.081317, -0.374119, -0.923813, -1.2e-05, 0.0, 0.0, 0.0, 1.0],
                [0.833008, -0.483412, 0.269094, -0.125006, -0.547252, -0.791423, 0.272333, -0.002831, 0.081317, -0.374119, -0.923813, -1.2e-05, 0.0, 0.0, 0.0, 1.0],
                [0.833008, -0.483412, 0.269093, -0.125006, -0.547253, -0.791423, 0.272332, -0.002831, 0.081317, -0.374119, -0.923813, -1.2e-05, 0.0, 0.0, 0.0, 1.0],
                [0.833008, -0.483412, 0.269094, -0.125006, -0.547253, -0.791423, 0.272333, -0.002831, 0.081317, -0.374119, -0.923813, -1.2e-05, 0.0, 0.0, 0.0, 1.0],
                [0.833008, -0.483412, 0.269093, -0.125006, -0.547253, -0.791422, 0.272333, -0.002831, 0.081317, -0.374119, -0.923813, -1.2e-05, 0.0, 0.0, 0.0, 1.0],
                [0.833008, -0.483412, 0.269093, -0.125006, -0.547253, -0.791423, 0.272333, -0.002831, 0.081317, -0.374119, -0.923813, -1.2e-05, 0.0, 0.0, 0.0, 1.0],
                [0.833008, -0.483412, 0.269093, -0.125006, -0.547253, -0.791423, 0.272333, -0.002831, 0.081317, -0.374119, -0.923813, -1.2e-05, 0.0, 0.0, 0.0, 1.0],
                [0.833008, -0.483412, 0.269093, -0.125006, -0.547253, -0.791423, 0.272333, -0.002831, 0.081317, -0.374119, -0.923813, -1.2e-05, 0.0, 0.0, 0.0, 1.0],
                [0.833008, -0.483412, 0.269093, -0.125006, -0.547253, -0.791423, 0.272333, -0.002831, 0.081317, -0.374119, -0.923813, -1.2e-05, 0.0, 0.0, 0.0, 1.0],
                [0.833008, -0.483412, 0.269093, -0.125006, -0.547253, -0.791423, 0.272333, -0.002831, 0.081317, -0.374119, -0.923813, -1.2e-05, 0.0, 0.0, 0.0, 1.0],
                [0.833008, -0.483412, 0.269093, -0.125006, -0.547253, -0.791423, 0.272333, -0.002831, 0.081317, -0.374119, -0.923813, -1.2e-05, 0.0, 0.0, 0.0, 1.0],
                [0.833008, -0.483412, 0.269093, -0.125006, -0.547253, -0.791423, 0.272333, -0.002831, 0.081317, -0.374119, -0.923813, -1.2e-05, 0.0, 0.0, 0.0, 1.0],
                [0.833008, -0.483412, 0.269093, -0.125006, -0.547253, -0.791423, 0.272333, -0.002831, 0.081317, -0.374119, -0.923813, -1.2e-05, 0.0, 0.0, 0.0, 1.0],
                [0.833008, -0.483412, 0.269093, -0.125006, -0.547253, -0.791423, 0.272333, -0.002831, 0.081317, -0.374119, -0.923813, -1.2e-05, 0.0, 0.0, 0.0, 1.0],
                [0.833008, -0.483412, 0.269093, -0.125006, -0.547253, -0.791423, 0.272333, -0.002831, 0.081317, -0.374119, -0.923813, -1.2e-05, 0.0, 0.0, 0.0, 1.0],
                [0.833008, -0.483412, 0.269093, -0.125006, -0.547253, -0.791423, 0.272333, -0.002831, 0.081317, -0.374119, -0.923813, -1.2e-05, 0.0, 0.0, 0.0, 1.0],
                [0.833008, -0.483412, 0.269093, -0.125006, -0.547253, -0.791423, 0.272333, -0.002831, 0.081317, -0.374119, -0.923813, -1.2e-05, 0.0, 0.0, 0.0, 1.0],
                [0.833008, -0.483412, 0.269093, -0.125006, -0.547253, -0.791423, 0.272333, -0.002831, 0.081317, -0.374119, -0.923813, -1.2e-05, 0.0, 0.0, 0.0, 1.0],
                [0.833008, -0.483412, 0.269093, -0.125006, -0.547253, -0.791423, 0.272333, -0.002831, 0.081317, -0.374119, -0.923813, -1.2e-05, 0.0, 0.0, 0.0, 1.0],
                [0.833008, -0.483412, 0.269093, -0.125006, -0.547253, -0.791423, 0.272333, -0.002831, 0.081317, -0.374119, -0.923813, -1.2e-05, 0.0, 0.0, 0.0, 1.0],
                [0.833008, -0.483412, 0.269093, -0.125006, -0.547253, -0.791423, 0.272333, -0.002831, 0.081317, -0.374119, -0.923813, -1.2e-05, 0.0, 0.0, 0.0, 1.0],
                [0.833008, -0.483412, 0.269093, -0.125006, -0.547253, -0.791423, 0.272333, -0.002831, 0.081317, -0.374119, -0.923813, -1.2e-05, 0.0, 0.0, 0.0, 1.0],
                [0.833008, -0.483412, 0.269093, -0.125006, -0.547253, -0.791423, 0.272333, -0.002831, 0.081317, -0.374119, -0.923813, -1.2e-05, 0.0, 0.0, 0.0, 1.0],
                [0.833008, -0.483412, 0.269093, -0.125006, -0.547253, -0.791423, 0.272333, -0.002831, 0.081317, -0.374119, -0.923813, -1.2e-05, 0.0, 0.0, 0.0, 1.0],
                [0.833008, -0.483412, 0.269093, -0.125006, -0.547253, -0.791423, 0.272333, -0.002831, 0.081317, -0.374119, -0.923813, -1.2e-05, 0.0, 0.0, 0.0, 1.0],
                [0.833008, -0.483412, 0.269093, -0.125006, -0.547253, -0.791423, 0.272333, -0.002831, 0.081317, -0.374119, -0.923813, -1.2e-05, 0.0, 0.0, 0.0, 1.0],
                [0.833008, -0.483412, 0.269093, -0.125006, -0.547253, -0.791423, 0.272333, -0.002831, 0.081317, -0.374119, -0.923813, -1.2e-05, 0.0, 0.0, 0.0, 1.0],
                [0.833008, -0.483412, 0.269093, -0.125006, -0.547253, -0.791423, 0.272333, -0.002831, 0.081317, -0.374119, -0.923813, -1.2e-05, 0.0, 0.0, 0.0, 1.0],
                [0.833008, -0.483412, 0.269093, -0.125006, -0.547253, -0.791423, 0.272333, -0.002831, 0.081317, -0.374119, -0.923813, -1.2e-05, 0.0, 0.0, 0.0, 1.0],
                [0.833008, -0.483412, 0.269093, -0.125006, -0.547253, -0.791423, 0.272333, -0.002831, 0.081317, -0.374119, -0.923813, -1.2e-05, 0.0, 0.0, 0.0, 1.0],
                [0.833008, -0.483412, 0.269093, -0.125006, -0.547253, -0.791423, 0.272333, -0.002831, 0.081317, -0.374119, -0.923813, -1.2e-05, 0.0, 0.0, 0.0, 1.0]
            ]
        },
        {
            "name": "Leg_L",
            "time": [0.0, 0.0167, 0.0333, 0.05, 0.0667, 0.0833, 0.1, 0.1167, 0.1333, 0.15, 0.1667, 0.1833, 0.2, 0.2167, 0.2333, 0.25, 0.2667, 0.2833, 0.3, 0.3167, 0.3333, 0.35, 0.3667, 0.3833, 0.4, 0.4167, 0.4333, 0.45, 0.4667, 0.4833, 0.5, 0.5167, 0.5333, 0.55, 0.5667, 0.5833, 0.6, 0.6167, 0.6333, 0.65, 0.6667],
            "transform": [
                [1.0, 2e-06, 2e-06, 0.0, -3e-06, 0.433978, 0.900926, 0.375166, 1e-06, -0.900921, 0.433977, 0.0, 0.0, 0.0, 0.0, 1.0],
                [1.0, 2e-06, 2e-06, 0.0, -3e-06, 0.433978, 0.900926, 0.375166, 1e-06, -0.900922, 0.433976, -0.0, 0.0, 0.0, 0.0, 1.0],
                [1.0, 2e-06, 2e-06, -0.0, -3e-06, 0.433978, 0.900926, 0.375166, 1e-06, -0.900922, 0.433977, 0.0, 0.0, 0.0, 0.0, 1.0],
                [1.0, 2e-06, 2e-06, -0.0, -3e-06, 0.433978, 0.900926, 0.375166, 1e-06, -0.900921, 0.433977, 0.0, 0.0, 0.0, 0.0, 1.0],
                [1.0, 2e-06, 2e-06, -0.0, -3e-06, 0.433978, 0.900925, 0.375166, 1e-06, -0.900922, 0.433977, 0.0, 0.0, 0.0, 0.0, 1.0],
                [1.0, 2e-06, 2e-06, 0.0, -3e-06, 0.433979, 0.900926, 0.375166, 1e-06, -0.900921, 0.433977, -0.0, 0.0, 0.0, 0.0, 1.0],
                [1.0, 2e-06, 2e-06, 0.0, -3e-06, 0.433978, 0.900926, 0.375166, 1e-06, -0.900921, 0.433977, 0.0, 0.0, 0.0, 0.0, 1.0],
                [1.0, 2e-06, 2e-06, 0.0, -3e-06, 0.433978, 0.900925, 0.375166, 1e-06, -0.900921, 0.433976, 0.0, 0.0, 0.0, 0.0, 1.0],
                [1.0, 2e-06, 2e-06, -0.0, -3e-06, 0.433978, 0.900926, 0.375166, 1e-06, -0.900921, 0.433976, 0.0, 0.0, 0.0, 0.0, 1.0],
                [1.0, 2e-06, 2e-06, -0.0, -3e-06, 0.433978, 0.900926, 0.375166, 1e-06, -0.900921, 0.433977, -0.0, 0.0, 0.0, 0.0, 1.0],
                [1.0, 2e-06, 2e-06, -0.0, -3e-06, 0.433978, 0.900926, 0.375166, 1e-06, -0.900921, 0.433976, -0.0, 0.0, 0.0, 0.0, 1.0],
                [1.0, 2e-06, 2e-06, -0.0, -3e-06, 0.433978, 0.900926, 0.375166, 1e-06, -0.900922, 0.433976, 0.0, 0.0, 0.0, 0.0, 1.0],
                [1.0, 2e-06, 2e-06, -0.0, -3e-06, 0.433979, 0.900926, 0.375166, 1e-06, -0.900921, 0.433977, 0.0, 0.0, 0.0, 0.0, 1.0],
                [1.0, 2e-06, 2e-06, 0.0, -3e-06, 0.433978, 0.900926, 0.375166, 1e-06, -0.900921, 0.433976, -0.0, 0.0, 0.0, 0.0, 1.0],
                [1.0, 2e-06, 2e-06, -0.0, -3e-06, 0.433978, 0.900925, 0.375166, 1e-06, -0.900921, 0.433977, -0.0, 0.0, 0.0, 0.0, 1.0],
                [1.0, 2e-06, 2e-06, -0.0, -3e-06, 0.433978, 0.900926, 0.375166, 1e-06, -0.900921, 0.433977, -0.0, 0.0, 0.0, 0.0, 1.0],
                [1.0, 2e-06, 2e-06, -0.0, -3e-06, 0.433978, 0.900926, 0.375166, 1e-06, -0.900921, 0.433977, -0.0, 0.0, 0.0, 0.0, 1.0],
                [1.0, 2e-06, 2e-06, -0.0, -3e-06, 0.433978, 0.900926, 0.375166, 1e-06, -0.900921, 0.433977, -0.0, 0.0, 0.0, 0.0, 1.0],
                [1.0, 2e-06, 2e-06, -0.0, -3e-06, 0.433978, 0.900926, 0.375166, 1e-06, -0.900921, 0.433977, -0.0, 0.0, 0.0, 0.0, 1.0],
                [1.0, 2e-06, 2e-06, -0.0, -3e-06, 0.433978, 0.900926, 0.375166, 1e-06, -0.900921, 0.433977, -0.0, 0.0, 0.0, 0.0, 1.0],
                [1.0, 2e-06, 2e-06, -0.0, -3e-06, 0.433978, 0.900926, 0.375166, 1e-06, -0.900921, 0.433977, -0.0, 0.0, 0.0, 0.0, 1.0],
                [1.0, 2e-06, 2e-06, -0.0, -3e-06, 0.433978, 0.900926, 0.375166, 1e-06, -0.900921, 0.433977, -0.0, 0.0, 0.0, 0.0, 1.0],
                [1.0, 2e-06, 2e-06, -0.0, -3e-06, 0.433978, 0.900926, 0.375166, 1e-06, -0.900921, 0.433977, -0.0, 0.0, 0.0, 0.0, 1.0],
                [1.0, 2e-06, 2e-06, -0.0, -3e-06, 0.433978, 0.900926, 0.375166, 1e-06, -0.900921, 0.433977, -0.0, 0.0, 0.0, 0.0, 1.0],
                [1.0, 2e-06, 2e-06, -0.0, -3e-06, 0.433978, 0.900926, 0.375166, 1e-06, -0.900921, 0.433977, -0.0, 0.0, 0.0, 0.0, 1.0],
                [1.0, 2e-06, 2e-06, -0.0, -3e-06, 0.433978, 0.900926, 0.375166, 1e-06, -0.900921, 0.433977, -0.0, 0.0, 0.0, 0.0, 1.0],
                [1.0, 2e-06, 2e-06, -0.0, -3e-06, 0.433978, 0.900926, 0.375166, 1e-06, -0.900921, 0.433977, -0.0, 0.0, 0.0, 0.0, 1.0],
                [1.0, 2e-06, 2e-06, -0.0, -3e-06, 0.433978, 0.900926, 0.375166, 1e-06, -0.900921, 0.433977, -0.0, 0.0, 0.0, 0.0, 1.0],
                [1.0, 2e-06, 2e-06, -0.0, -3e-06, 0.433978, 0.900926, 0.375166, 1e-06, -0.900921, 0.433977, -0.0, 0.0, 0.0, 0.0, 1.0],
                [1.0, 2e-06, 2e-06, -0.0, -3e-06, 0.433978, 0.900926, 0.375166, 1e-06, -0.900921, 0.433977, -0.0, 0.0, 0.0, 0.0, 1.0],
                [1.0, 2e-06, 2e-06, -0.0, -3e-06, 0.433978, 0.900926, 0.375166, 1e-06, -0.900921, 0.433977, -0.0, 0.0, 0.0, 0.0, 1.0],
                [1.0, 2e-06, 2e-06, -0.0, -3e-06, 0.433978, 0.900926, 0.375166, 1e-06, -0.900921, 0.433977, -0.0, 0.0, 0.0, 0.0, 1.0],
                [1.0, 2e-06, 2e-06, -0.0, -3e-06, 0.433978, 0.900926, 0.375166, 1e-06, -0.900921, 0.433977, -0.0, 0.0, 0.0, 0.0, 1.0],
                [1.0, 2e-06, 2e-06, -0.0, -3e-06, 0.433978, 0.900926, 0.375166, 1e-06, -0.900921, 0.433977, -0.0, 0.0, 0.0, 0.0, 1.0],
                [1.0, 2e-06, 2e-06, -0.0, -3e-06, 0.433978, 0.900926, 0.375166, 1e-06, -0.900921, 0.433977, -0.0, 0.0, 0.0, 0.0, 1.0],
                [1.0, 2e-06, 2e-06, -0.0, -3e-06, 0.433978, 0.900926, 0.375166, 1e-06, -0.900921, 0.433977, -0.0, 0.0, 0.0, 0.0, 1.0],
                [1.0, 2e-06, 2e-06, -0.0, -3e-06, 0.433978, 0.900926, 0.375166, 1e-06, -0.900921, 0.433977, -0.0, 0.0, 0.0, 0.0, 1.0],
                [1.0, 2e-06, 2e-06, -0.0, -3e-06, 0.433978, 0.900926, 0.375166, 1e-06, -0.900921, 0.433977, -0.0, 0.0, 0.0, 0.0, 1.0],
                [1.0, 2e-06, 2e-06, -0.0, -3e-06, 0.433978, 0.900926, 0.375166, 1e-06, -0.900921, 0.433977, -0.0, 0.0, 0.0, 0.0, 1.0],
                [1.0, 2e-06, 2e-06, -0.0, -3e-06, 0.433978, 0.900926, 0.375166, 1e-06, -0.900921, 0.433977, -0.0, 0.0, 0.0, 0.0, 1.0],
                [1.0, 2e-06, 2e-06, -0.0, -3e-06, 0.433978, 0.900926, 0.375166, 1e-06, -0.900921, 0.433977, -0.0, 0.0, 0.0, 0.0, 1.0]
            ]
        },
        {
            "name": "Knee_L",
            "time": [0.0, 0.0167, 0.0333, 0.05, 0.0667, 0.0833, 0.1, 0.1167, 0.1333, 0.15, 0.1667, 0.1833, 0.2, 0.2167, 0.2333, 0.25, 0.2667, 0.2833, 0.3, 0.3167, 0.3333, 0.35, 0.3667, 0.3833, 0.4, 0.4167, 0.4333, 0.45, 0.4667, 0.4833, 0.5, 0.5167, 0.5333, 0.55, 0.5667, 0.5833, 0.6, 0.6167, 0.6333, 0.65, 0.6667],
            "transform": [
                [1.0, 0.0, -0.0, 0.0, -0.0, 0.048757, -0.998811, 0.375166, -0.0, 0.998811, 0.048757, 0.0, 0.0, 0.0, 0.0, 1.0],
                [1.0, 0.0, -0.0, 0.0, -0.0, 0.048757, -0.998811, 0.375166, -0.0, 0.998811, 0.048757, -0.0, 0.0, 0.0, 0.0, 1.0],
                [1.0, 0.0, -0.0, -0.0, -0.0, 0.048757, -0.99881, 0.375166, -0.0, 0.998811, 0.048757, 0.0, 0.0, 0.0, 0.0, 1.0],
                [1.0, 0.0, -0.0, -0.0, -0.0, 0.048757, -0.998811, 0.375166, -0.0, 0.998811, 0.048757, 0.0, 0.0, 0.0, 0.0, 1.0],
                [1.0, 0.0, -0.0, -0.0, -0.0, 0.048757, -0.998811, 0.375166, -0.0, 0.998811, 0.048757, 0.0, 0.0, 0.0, 0.0, 1.0],
